@  0 0 4 2
@  1 0 21 2
@  2 1 16 2
@  3 1 18 2
@  4 1 21 2
@  5 2 4 2
@  6 2 15 2
@  7 3 17 2
@  8 4 17 2
@  9 5 10 2
@  10 5 16 2
@  11 6 7 2
@  12 6 20 2
@  13 6 21 2
@  14 6 22 2
@  15 8 20 2
@  16 9 12 2
@  17 9 19 2
@  18 10 11 2
@  19 10 13 2
@  20 10 18 2
@  21 10 24 2
@  22 10 12 2
@  23 12 17 2
@  24 12 22 2
@  25 12 23 2
@  26 13 14 2
@  27 13 22 2
@  28 13 24 2
@  29 13 18 2
@  30 14 20 2
@  31 15 23 2
@  32 16 18 2
@  33 16 22 2
@  34 18 24 2
@  35 21 22 2
@  36 22 23 2
#
@  0 0 4 2
@  1 0 21 2
@  2 1 16 2
@  3 1 18 2
@  4 1 21 2
@  5 2 4 2
@  6 2 15 2
@  7 2 13 2
@  8 3 17 2
@  9 4 17 2
@  10 5 10 2
@  11 5 16 2
@  12 6 7 2
@  13 6 20 2
@  14 6 21 2
@  15 6 22 2
@  16 8 20 2
@  17 9 12 2
@  18 9 19 2
@  19 10 11 2
@  20 10 13 2
@  21 10 18 2
@  22 10 24 2
@  23 12 17 2
@  24 12 22 2
@  25 12 23 2
@  26 13 14 2
@  27 13 22 2
@  28 13 24 2
@  29 14 20 2
@  30 15 23 2
@  31 16 18 2
@  32 16 22 2
@  33 18 24 2
@  34 21 22 2
@  35 22 23 2
#
@  0 0 4 2
@  1 0 21 2
@  2 1 16 2
@  3 1 18 2
@  4 1 21 2
@  5 2 4 2
@  6 2 15 2
@  7 3 17 2
@  8 4 17 2
@  9 5 10 2
@  10 5 16 2
@  11 6 7 2
@  12 6 20 2
@  13 6 21 2
@  14 6 22 2
@  15 8 20 2
@  16 9 12 2
@  17 9 19 2
@  18 10 11 2
@  19 10 13 2
@  20 10 18 2
@  21 10 24 2
@  22 12 17 2
@  23 12 22 2
@  24 12 23 2
@  25 13 14 2
@  26 13 22 2
@  27 13 24 2
@  28 14 20 2
@  29 14 22 2
@  30 15 23 2
@  31 16 18 2
@  32 16 22 2
@  33 18 24 2
@  34 21 22 2
@  35 22 23 2
#
