@  0 0 5 2
@  1 0 17 2
@  2 0 19 2
@  3 0 24 2
@  4 1 3 2
@  5 1 7 2
@  6 1 12 2
@  7 1 14 2
@  8 1 10 2
@  9 2 5 2
@  10 2 16 2
@  11 2 22 2
@  12 2 23 2
@  13 3 4 2
@  14 3 13 2
@  15 3 14 2
@  16 3 17 2
@  17 3 18 2
@  18 4 5 2
@  19 4 14 2
@  20 4 23 2
@  21 5 14 2
@  22 5 18 2
@  23 5 21 2
@  24 5 22 2
@  25 5 24 2
@  26 5 6 2
@  27 6 11 2
@  28 6 21 2
@  29 6 23 2
@  30 7 12 2
@  31 7 20 2
@  32 7 23 2
@  33 7 24 2
@  34 8 12 2
@  35 8 13 2
@  36 9 13 2
@  37 9 14 2
@  38 9 15 2
@  39 9 20 2
@  40 9 21 2
@  41 9 24 2
@  42 10 11 2
@  43 10 13 2
@  44 11 16 2
@  45 11 21 2
@  46 12 15 2
@  47 12 18 2
@  48 12 19 2
@  49 13 16 2
@  50 13 19 2
@  51 13 24 2
@  52 14 18 2
@  53 15 24 2
@  54 16 17 2
@  55 20 20 2
@  56 22 23 2
#
@  0 0 5 2
@  1 0 17 2
@  2 0 19 2
@  3 0 24 2
@  4 1 3 2
@  5 1 7 2
@  6 1 12 2
@  7 1 14 2
@  8 2 5 2
@  9 2 16 2
@  10 2 22 2
@  11 2 23 2
@  12 3 4 2
@  13 3 13 2
@  14 3 14 2
@  15 3 17 2
@  16 3 18 2
@  17 3 6 2
@  18 3 9 2
@  19 4 5 2
@  20 4 14 2
@  21 4 11 2
@  22 5 14 2
@  23 5 18 2
@  24 5 21 2
@  25 5 22 2
@  26 5 24 2
@  27 5 13 2
@  28 6 11 2
@  29 6 21 2
@  30 6 23 2
@  31 7 12 2
@  32 7 20 2
@  33 7 23 2
@  34 7 24 2
@  35 7 22 2
@  36 8 12 2
@  37 8 13 2
@  38 9 13 2
@  39 9 14 2
@  40 9 15 2
@  41 9 20 2
@  42 9 21 2
@  43 9 24 2
@  44 10 11 2
@  45 10 13 2
@  46 11 16 2
@  47 11 23 2
@  48 12 15 2
@  49 12 18 2
@  50 12 19 2
@  51 13 16 2
@  52 13 19 2
@  53 13 24 2
@  54 14 18 2
@  55 15 24 2
@  56 22 23 2
#
@  0 0 5 2
@  1 0 17 2
@  2 0 19 2
@  3 0 24 2
@  4 0 2 2
@  5 0 13 2
@  6 1 3 2
@  7 1 7 2
@  8 1 12 2
@  9 1 14 2
@  10 1 23 2
@  11 2 5 2
@  12 2 16 2
@  13 2 22 2
@  14 2 23 2
@  15 3 4 2
@  16 3 13 2
@  17 3 14 2
@  18 3 17 2
@  19 3 18 2
@  20 4 5 2
@  21 4 14 2
@  22 5 14 2
@  23 5 18 2
@  24 5 21 2
@  25 5 22 2
@  26 5 24 2
@  27 6 11 2
@  28 6 21 2
@  29 6 23 2
@  30 7 12 2
@  31 7 20 2
@  32 7 23 2
@  33 7 24 2
@  34 8 12 2
@  35 8 13 2
@  36 9 13 2
@  37 9 14 2
@  38 9 15 2
@  39 9 20 2
@  40 9 21 2
@  41 9 24 2
@  42 10 11 2
@  43 10 13 2
@  44 11 16 2
@  45 12 15 2
@  46 12 18 2
@  47 12 19 2
@  48 13 16 2
@  49 13 19 2
@  50 13 24 2
@  51 13 21 2
@  52 14 18 2
@  53 15 24 2
@  54 16 23 2
@  55 16 18 2
@  56 22 23 2
#
