@  0 0 5 2
@  1 0 7 2
@  2 0 8 2
@  3 0 15 2
@  4 0 18 2
@  5 1 3 2
@  6 1 4 2
@  7 1 6 2
@  8 1 7 2
@  9 1 8 2
@  10 1 9 2
@  11 1 12 2
@  12 1 13 2
@  13 1 16 2
@  14 1 18 2
@  15 1 20 2
@  16 1 21 2
@  17 2 4 2
@  18 2 7 2
@  19 2 8 2
@  20 2 9 2
@  21 2 11 2
@  22 2 13 2
@  23 2 15 2
@  24 2 20 2
@  25 2 22 2
@  26 2 24 2
@  27 3 4 2
@  28 3 6 2
@  29 3 20 2
@  30 3 22 2
@  31 3 23 2
@  32 3 24 2
@  33 3 7 2
@  34 3 21 2
@  35 4 5 2
@  36 4 6 2
@  37 4 8 2
@  38 4 9 2
@  39 4 11 2
@  40 4 15 2
@  41 4 16 2
@  42 4 17 2
@  43 4 20 2
@  44 4 21 2
@  45 4 24 2
@  46 5 8 2
@  47 5 9 2
@  48 5 10 2
@  49 5 13 2
@  50 5 14 2
@  51 5 17 2
@  52 5 19 2
@  53 5 24 2
@  54 6 15 2
@  55 6 17 2
@  56 6 22 2
@  57 7 13 2
@  58 7 17 2
@  59 7 18 2
@  60 7 19 2
@  61 7 21 2
@  62 7 23 2
@  63 7 9 2
@  64 8 10 2
@  65 8 11 2
@  66 8 16 2
@  67 9 16 2
@  68 9 18 2
@  69 9 20 2
@  70 10 11 2
@  71 10 17 2
@  72 10 18 2
@  73 10 20 2
@  74 10 12 2
@  75 11 16 2
@  76 11 18 2
@  77 11 21 2
@  78 11 22 2
@  79 12 14 2
@  80 12 16 2
@  81 12 18 2
@  82 12 21 2
@  83 12 22 2
@  84 13 17 2
@  85 13 21 2
@  86 13 23 2
@  87 14 15 2
@  88 14 16 2
@  89 14 19 2
@  90 14 20 2
@  91 14 21 2
@  92 14 23 2
@  93 15 16 2
@  94 15 17 2
@  95 15 22 2
@  96 15 23 2
@  97 16 17 2
@  98 16 19 2
@  99 17 18 2
@  100 17 20 2
@  101 17 23 2
@  102 18 22 2
@  103 18 24 2
@  104 19 20 2
@  105 19 23 2
@  106 20 21 2
@  107 21 24 2
@  108 22 24 2
#
@  0 0 5 2
@  1 0 7 2
@  2 0 8 2
@  3 0 15 2
@  4 0 18 2
@  5 1 3 2
@  6 1 4 2
@  7 1 6 2
@  8 1 7 2
@  9 1 8 2
@  10 1 9 2
@  11 1 12 2
@  12 1 13 2
@  13 1 16 2
@  14 1 18 2
@  15 1 20 2
@  16 1 21 2
@  17 2 4 2
@  18 2 7 2
@  19 2 8 2
@  20 2 9 2
@  21 2 11 2
@  22 2 13 2
@  23 2 15 2
@  24 2 20 2
@  25 2 22 2
@  26 2 24 2
@  27 3 4 2
@  28 3 6 2
@  29 3 20 2
@  30 3 22 2
@  31 3 23 2
@  32 3 24 2
@  33 3 14 2
@  34 4 5 2
@  35 4 6 2
@  36 4 8 2
@  37 4 9 2
@  38 4 11 2
@  39 4 15 2
@  40 4 16 2
@  41 4 17 2
@  42 4 20 2
@  43 4 21 2
@  44 4 24 2
@  45 4 7 2
@  46 4 18 2
@  47 5 8 2
@  48 5 9 2
@  49 5 10 2
@  50 5 13 2
@  51 5 14 2
@  52 5 17 2
@  53 5 19 2
@  54 5 24 2
@  55 5 18 2
@  56 6 15 2
@  57 6 17 2
@  58 6 22 2
@  59 6 21 2
@  60 7 13 2
@  61 7 17 2
@  62 7 18 2
@  63 7 19 2
@  64 7 21 2
@  65 7 23 2
@  66 8 10 2
@  67 8 11 2
@  68 8 16 2
@  69 8 8 2
@  70 9 16 2
@  71 9 18 2
@  72 9 10 2
@  73 10 11 2
@  74 10 17 2
@  75 10 18 2
@  76 10 20 2
@  77 11 16 2
@  78 11 18 2
@  79 11 21 2
@  80 11 22 2
@  81 12 14 2
@  82 12 16 2
@  83 12 18 2
@  84 12 21 2
@  85 12 22 2
@  86 13 17 2
@  87 13 21 2
@  88 13 23 2
@  89 14 15 2
@  90 14 16 2
@  91 14 19 2
@  92 14 20 2
@  93 14 21 2
@  94 14 23 2
@  95 14 17 2
@  96 15 16 2
@  97 15 17 2
@  98 15 22 2
@  99 15 23 2
@  100 16 17 2
@  101 16 19 2
@  102 17 18 2
@  103 17 20 2
@  104 17 23 2
@  105 18 22 2
@  106 18 24 2
@  107 19 20 2
@  108 19 23 2
@  109 20 21 2
@  110 21 24 2
@  111 22 24 2
#
@  0 0 5 2
@  1 0 7 2
@  2 0 8 2
@  3 0 15 2
@  4 0 18 2
@  5 0 19 2
@  6 1 3 2
@  7 1 4 2
@  8 1 6 2
@  9 1 7 2
@  10 1 8 2
@  11 1 9 2
@  12 1 12 2
@  13 1 13 2
@  14 1 16 2
@  15 1 18 2
@  16 1 20 2
@  17 1 21 2
@  18 1 11 2
@  19 2 4 2
@  20 2 7 2
@  21 2 8 2
@  22 2 9 2
@  23 2 11 2
@  24 2 13 2
@  25 2 15 2
@  26 2 20 2
@  27 2 22 2
@  28 2 24 2
@  29 2 3 2
@  30 3 4 2
@  31 3 6 2
@  32 3 20 2
@  33 3 22 2
@  34 3 23 2
@  35 3 24 2
@  36 4 5 2
@  37 4 6 2
@  38 4 8 2
@  39 4 9 2
@  40 4 11 2
@  41 4 15 2
@  42 4 16 2
@  43 4 17 2
@  44 4 20 2
@  45 4 21 2
@  46 4 24 2
@  47 4 18 2
@  48 5 8 2
@  49 5 9 2
@  50 5 10 2
@  51 5 13 2
@  52 5 14 2
@  53 5 17 2
@  54 5 19 2
@  55 5 24 2
@  56 5 16 2
@  57 6 15 2
@  58 6 17 2
@  59 6 22 2
@  60 7 13 2
@  61 7 17 2
@  62 7 18 2
@  63 7 19 2
@  64 7 21 2
@  65 7 23 2
@  66 8 10 2
@  67 8 11 2
@  68 8 16 2
@  69 8 18 2
@  70 9 16 2
@  71 9 18 2
@  72 9 10 2
@  73 9 11 2
@  74 10 11 2
@  75 10 17 2
@  76 10 18 2
@  77 10 20 2
@  78 11 16 2
@  79 11 18 2
@  80 11 21 2
@  81 11 22 2
@  82 12 14 2
@  83 12 16 2
@  84 12 18 2
@  85 12 21 2
@  86 12 22 2
@  87 13 17 2
@  88 13 21 2
@  89 13 23 2
@  90 14 15 2
@  91 14 16 2
@  92 14 19 2
@  93 14 20 2
@  94 14 21 2
@  95 14 23 2
@  96 14 22 2
@  97 15 16 2
@  98 15 17 2
@  99 15 22 2
@  100 15 23 2
@  101 16 17 2
@  102 16 19 2
@  103 17 18 2
@  104 17 20 2
@  105 17 23 2
@  106 18 22 2
@  107 18 24 2
@  108 19 20 2
@  109 19 23 2
@  110 20 21 2
@  111 20 20 2
@  112 21 24 2
@  113 22 24 2
#
