@  0 0 1 2
@  1 0 2 2
@  2 0 3 2
@  3 0 4 2
@  4 0 5 2
@  5 0 6 2
@  6 0 7 2
@  7 0 8 2
@  8 0 13 2
@  9 0 14 2
@  10 0 15 2
@  11 0 17 2
@  12 0 19 2
@  13 0 20 2
@  14 0 22 2
@  15 0 24 2
@  16 1 2 2
@  17 1 4 2
@  18 1 6 2
@  19 1 10 2
@  20 1 12 2
@  21 1 15 2
@  22 1 17 2
@  23 1 23 2
@  24 2 4 2
@  25 2 7 2
@  26 2 12 2
@  27 2 14 2
@  28 2 18 2
@  29 2 19 2
@  30 2 21 2
@  31 2 22 2
@  32 2 23 2
@  33 2 3 2
@  34 3 5 2
@  35 3 6 2
@  36 3 10 2
@  37 3 12 2
@  38 3 13 2
@  39 3 17 2
@  40 3 21 2
@  41 3 22 2
@  42 3 14 2
@  43 3 20 2
@  44 3 24 2
@  45 4 5 2
@  46 4 7 2
@  47 4 8 2
@  48 4 9 2
@  49 4 10 2
@  50 4 12 2
@  51 4 18 2
@  52 4 19 2
@  53 4 20 2
@  54 4 21 2
@  55 4 24 2
@  56 4 11 2
@  57 5 7 2
@  58 5 8 2
@  59 5 9 2
@  60 5 12 2
@  61 5 14 2
@  62 5 15 2
@  63 5 18 2
@  64 5 23 2
@  65 5 11 2
@  66 6 7 2
@  67 6 13 2
@  68 6 16 2
@  69 6 17 2
@  70 7 10 2
@  71 7 11 2
@  72 7 15 2
@  73 7 17 2
@  74 7 18 2
@  75 7 20 2
@  76 7 21 2
@  77 8 12 2
@  78 8 14 2
@  79 8 17 2
@  80 8 18 2
@  81 8 19 2
@  82 8 23 2
@  83 8 24 2
@  84 9 10 2
@  85 9 15 2
@  86 9 18 2
@  87 9 19 2
@  88 9 20 2
@  89 9 21 2
@  90 10 15 2
@  91 10 16 2
@  92 10 14 2
@  93 11 15 2
@  94 11 17 2
@  95 11 19 2
@  96 11 24 2
@  97 11 12 2
@  98 12 19 2
@  99 12 20 2
@  100 12 21 2
@  101 13 14 2
@  102 13 15 2
@  103 13 19 2
@  104 13 21 2
@  105 14 15 2
@  106 14 16 2
@  107 14 20 2
@  108 14 21 2
@  109 14 23 2
@  110 14 24 2
@  111 15 20 2
@  112 15 21 2
@  113 15 22 2
@  114 15 23 2
@  115 15 24 2
@  116 16 18 2
@  117 17 18 2
@  118 17 19 2
@  119 17 23 2
@  120 17 24 2
@  121 18 20 2
@  122 18 22 2
@  123 19 23 2
@  124 19 24 2
@  125 20 23 2
@  126 20 24 2
@  127 22 24 2
@  128 23 24 2
#
@  0 0 1 2
@  1 0 2 2
@  2 0 3 2
@  3 0 4 2
@  4 0 5 2
@  5 0 6 2
@  6 0 7 2
@  7 0 8 2
@  8 0 13 2
@  9 0 14 2
@  10 0 15 2
@  11 0 17 2
@  12 0 19 2
@  13 0 20 2
@  14 0 22 2
@  15 0 24 2
@  16 1 2 2
@  17 1 4 2
@  18 1 6 2
@  19 1 10 2
@  20 1 12 2
@  21 1 15 2
@  22 1 17 2
@  23 1 23 2
@  24 1 18 2
@  25 2 4 2
@  26 2 7 2
@  27 2 12 2
@  28 2 14 2
@  29 2 18 2
@  30 2 19 2
@  31 2 21 2
@  32 2 22 2
@  33 2 23 2
@  34 2 2 2
@  35 3 5 2
@  36 3 6 2
@  37 3 10 2
@  38 3 12 2
@  39 3 13 2
@  40 3 17 2
@  41 3 21 2
@  42 3 22 2
@  43 3 16 2
@  44 4 5 2
@  45 4 7 2
@  46 4 8 2
@  47 4 9 2
@  48 4 10 2
@  49 4 12 2
@  50 4 18 2
@  51 4 19 2
@  52 4 20 2
@  53 4 21 2
@  54 4 24 2
@  55 4 22 2
@  56 4 11 2
@  57 5 7 2
@  58 5 8 2
@  59 5 9 2
@  60 5 12 2
@  61 5 14 2
@  62 5 15 2
@  63 5 18 2
@  64 5 23 2
@  65 5 6 2
@  66 6 7 2
@  67 6 13 2
@  68 6 16 2
@  69 6 17 2
@  70 6 18 2
@  71 7 10 2
@  72 7 11 2
@  73 7 15 2
@  74 7 17 2
@  75 7 18 2
@  76 7 20 2
@  77 7 21 2
@  78 8 12 2
@  79 8 14 2
@  80 8 17 2
@  81 8 18 2
@  82 8 19 2
@  83 8 23 2
@  84 8 24 2
@  85 9 10 2
@  86 9 15 2
@  87 9 18 2
@  88 9 19 2
@  89 9 20 2
@  90 9 21 2
@  91 9 16 2
@  92 10 15 2
@  93 10 16 2
@  94 11 15 2
@  95 11 17 2
@  96 11 19 2
@  97 11 24 2
@  98 12 19 2
@  99 12 20 2
@  100 12 21 2
@  101 12 17 2
@  102 13 14 2
@  103 13 15 2
@  104 13 19 2
@  105 13 21 2
@  106 13 23 2
@  107 14 15 2
@  108 14 16 2
@  109 14 20 2
@  110 14 21 2
@  111 14 23 2
@  112 14 24 2
@  113 14 19 2
@  114 15 20 2
@  115 15 21 2
@  116 15 22 2
@  117 15 23 2
@  118 15 24 2
@  119 15 18 2
@  120 16 18 2
@  121 16 19 2
@  122 17 18 2
@  123 17 19 2
@  124 17 23 2
@  125 17 24 2
@  126 17 21 2
@  127 19 23 2
@  128 19 24 2
@  129 20 23 2
@  130 20 24 2
@  131 20 22 2
@  132 22 24 2
#
@  0 0 1 2
@  1 0 2 2
@  2 0 3 2
@  3 0 4 2
@  4 0 5 2
@  5 0 6 2
@  6 0 7 2
@  7 0 8 2
@  8 0 13 2
@  9 0 14 2
@  10 0 15 2
@  11 0 17 2
@  12 0 19 2
@  13 0 20 2
@  14 0 22 2
@  15 0 24 2
@  16 1 2 2
@  17 1 4 2
@  18 1 6 2
@  19 1 10 2
@  20 1 12 2
@  21 1 15 2
@  22 1 17 2
@  23 1 23 2
@  24 1 9 2
@  25 2 4 2
@  26 2 7 2
@  27 2 12 2
@  28 2 14 2
@  29 2 18 2
@  30 2 19 2
@  31 2 21 2
@  32 2 22 2
@  33 2 23 2
@  34 2 15 2
@  35 3 5 2
@  36 3 6 2
@  37 3 10 2
@  38 3 12 2
@  39 3 13 2
@  40 3 17 2
@  41 3 21 2
@  42 3 22 2
@  43 4 5 2
@  44 4 7 2
@  45 4 8 2
@  46 4 9 2
@  47 4 10 2
@  48 4 12 2
@  49 4 18 2
@  50 4 19 2
@  51 4 20 2
@  52 4 21 2
@  53 4 24 2
@  54 4 14 2
@  55 5 7 2
@  56 5 8 2
@  57 5 9 2
@  58 5 12 2
@  59 5 14 2
@  60 5 15 2
@  61 5 18 2
@  62 5 23 2
@  63 6 7 2
@  64 6 13 2
@  65 6 16 2
@  66 6 17 2
@  67 7 10 2
@  68 7 11 2
@  69 7 15 2
@  70 7 17 2
@  71 7 18 2
@  72 7 20 2
@  73 7 21 2
@  74 7 23 2
@  75 8 12 2
@  76 8 14 2
@  77 8 17 2
@  78 8 18 2
@  79 8 19 2
@  80 8 23 2
@  81 8 24 2
@  82 9 10 2
@  83 9 15 2
@  84 9 18 2
@  85 9 19 2
@  86 9 20 2
@  87 9 21 2
@  88 10 15 2
@  89 10 16 2
@  90 11 15 2
@  91 11 17 2
@  92 11 19 2
@  93 11 24 2
@  94 11 11 2
@  95 12 19 2
@  96 12 20 2
@  97 12 21 2
@  98 13 14 2
@  99 13 15 2
@  100 13 19 2
@  101 13 21 2
@  102 14 15 2
@  103 14 16 2
@  104 14 20 2
@  105 14 21 2
@  106 14 23 2
@  107 14 24 2
@  108 15 20 2
@  109 15 21 2
@  110 15 22 2
@  111 15 23 2
@  112 15 24 2
@  113 16 18 2
@  114 17 18 2
@  115 17 19 2
@  116 17 23 2
@  117 17 24 2
@  118 19 23 2
@  119 19 24 2
@  120 20 23 2
@  121 20 24 2
@  122 20 21 2
@  123 21 23 2
@  124 22 24 2
#
