@  0 0 2 2
@  1 0 5 2
@  2 0 6 2
@  3 0 7 2
@  4 0 8 2
@  5 0 11 2
@  6 0 12 2
@  7 0 13 2
@  8 0 17 2
@  9 0 21 2
@  10 0 22 2
@  11 0 23 2
@  12 0 24 2
@  13 0 4 2
@  14 1 2 2
@  15 1 5 2
@  16 1 7 2
@  17 1 8 2
@  18 1 20 2
@  19 1 22 2
@  20 1 23 2
@  21 1 9 2
@  22 1 13 2
@  23 2 3 2
@  24 2 12 2
@  25 2 13 2
@  26 2 16 2
@  27 2 17 2
@  28 2 18 2
@  29 2 23 2
@  30 2 15 2
@  31 3 4 2
@  32 3 7 2
@  33 3 10 2
@  34 3 11 2
@  35 3 14 2
@  36 3 16 2
@  37 3 17 2
@  38 3 21 2
@  39 3 23 2
@  40 3 24 2
@  41 4 6 2
@  42 4 10 2
@  43 4 11 2
@  44 4 12 2
@  45 4 17 2
@  46 4 21 2
@  47 4 24 2
@  48 4 14 2
@  49 5 10 2
@  50 5 11 2
@  51 5 12 2
@  52 5 14 2
@  53 5 15 2
@  54 5 16 2
@  55 5 19 2
@  56 5 20 2
@  57 5 21 2
@  58 5 23 2
@  59 5 17 2
@  60 6 8 2
@  61 6 9 2
@  62 6 11 2
@  63 6 12 2
@  64 6 13 2
@  65 6 15 2
@  66 6 16 2
@  67 6 20 2
@  68 6 23 2
@  69 6 24 2
@  70 7 8 2
@  71 7 11 2
@  72 7 12 2
@  73 7 14 2
@  74 7 16 2
@  75 7 17 2
@  76 7 21 2
@  77 7 22 2
@  78 7 23 2
@  79 7 24 2
@  80 7 15 2
@  81 8 10 2
@  82 8 18 2
@  83 8 22 2
@  84 8 23 2
@  85 8 24 2
@  86 9 12 2
@  87 9 13 2
@  88 9 21 2
@  89 10 14 2
@  90 10 16 2
@  91 10 17 2
@  92 10 18 2
@  93 10 19 2
@  94 10 20 2
@  95 10 23 2
@  96 10 24 2
@  97 11 14 2
@  98 11 15 2
@  99 11 20 2
@  100 11 22 2
@  101 12 13 2
@  102 12 14 2
@  103 12 18 2
@  104 12 19 2
@  105 12 20 2
@  106 12 22 2
@  107 12 24 2
@  108 12 17 2
@  109 13 14 2
@  110 13 15 2
@  111 13 17 2
@  112 13 19 2
@  113 13 20 2
@  114 13 23 2
@  115 13 16 2
@  116 14 15 2
@  117 14 16 2
@  118 14 17 2
@  119 14 18 2
@  120 14 20 2
@  121 14 21 2
@  122 14 23 2
@  123 14 24 2
@  124 15 16 2
@  125 15 17 2
@  126 15 19 2
@  127 15 20 2
@  128 15 22 2
@  129 15 23 2
@  130 16 17 2
@  131 16 21 2
@  132 16 23 2
@  133 16 24 2
@  134 17 20 2
@  135 17 23 2
@  136 17 24 2
@  137 17 21 2
@  138 17 18 2
@  139 18 19 2
@  140 18 20 2
@  141 18 21 2
@  142 18 24 2
@  143 19 20 2
@  144 19 22 2
@  145 19 23 2
@  146 19 24 2
@  147 20 21 2
@  148 20 23 2
@  149 20 24 2
@  150 21 22 2
@  151 21 23 2
@  152 22 23 2
#
@  0 0 2 2
@  1 0 5 2
@  2 0 6 2
@  3 0 7 2
@  4 0 8 2
@  5 0 11 2
@  6 0 12 2
@  7 0 13 2
@  8 0 17 2
@  9 0 21 2
@  10 0 22 2
@  11 0 23 2
@  12 0 24 2
@  13 0 10 2
@  14 0 9 2
@  15 0 16 2
@  16 1 2 2
@  17 1 5 2
@  18 1 7 2
@  19 1 8 2
@  20 1 20 2
@  21 1 22 2
@  22 1 23 2
@  23 1 13 2
@  24 1 19 2
@  25 2 3 2
@  26 2 12 2
@  27 2 13 2
@  28 2 16 2
@  29 2 17 2
@  30 2 18 2
@  31 2 23 2
@  32 2 6 2
@  33 3 4 2
@  34 3 7 2
@  35 3 10 2
@  36 3 11 2
@  37 3 14 2
@  38 3 16 2
@  39 3 17 2
@  40 3 21 2
@  41 3 23 2
@  42 3 24 2
@  43 4 6 2
@  44 4 10 2
@  45 4 11 2
@  46 4 12 2
@  47 4 17 2
@  48 4 21 2
@  49 4 24 2
@  50 5 10 2
@  51 5 11 2
@  52 5 12 2
@  53 5 14 2
@  54 5 15 2
@  55 5 16 2
@  56 5 19 2
@  57 5 20 2
@  58 5 21 2
@  59 5 23 2
@  60 6 8 2
@  61 6 9 2
@  62 6 11 2
@  63 6 12 2
@  64 6 13 2
@  65 6 15 2
@  66 6 16 2
@  67 6 20 2
@  68 6 23 2
@  69 6 24 2
@  70 6 18 2
@  71 7 8 2
@  72 7 11 2
@  73 7 12 2
@  74 7 14 2
@  75 7 16 2
@  76 7 17 2
@  77 7 21 2
@  78 7 22 2
@  79 7 23 2
@  80 7 24 2
@  81 7 18 2
@  82 8 10 2
@  83 8 18 2
@  84 8 22 2
@  85 8 23 2
@  86 8 24 2
@  87 8 20 2
@  88 8 17 2
@  89 9 12 2
@  90 9 13 2
@  91 9 21 2
@  92 10 14 2
@  93 10 16 2
@  94 10 17 2
@  95 10 18 2
@  96 10 19 2
@  97 10 20 2
@  98 10 23 2
@  99 10 24 2
@  100 10 21 2
@  101 11 14 2
@  102 11 15 2
@  103 11 20 2
@  104 11 22 2
@  105 12 13 2
@  106 12 14 2
@  107 12 18 2
@  108 12 19 2
@  109 12 20 2
@  110 12 22 2
@  111 12 24 2
@  112 13 14 2
@  113 13 15 2
@  114 13 17 2
@  115 13 19 2
@  116 13 20 2
@  117 13 23 2
@  118 13 24 2
@  119 14 15 2
@  120 14 16 2
@  121 14 17 2
@  122 14 18 2
@  123 14 20 2
@  124 14 21 2
@  125 14 23 2
@  126 14 24 2
@  127 15 16 2
@  128 15 17 2
@  129 15 19 2
@  130 15 20 2
@  131 15 22 2
@  132 15 23 2
@  133 15 24 2
@  134 16 17 2
@  135 16 21 2
@  136 16 23 2
@  137 16 24 2
@  138 17 20 2
@  139 17 23 2
@  140 17 24 2
@  141 18 19 2
@  142 18 20 2
@  143 18 21 2
@  144 18 24 2
@  145 19 20 2
@  146 19 22 2
@  147 19 23 2
@  148 19 24 2
@  149 20 21 2
@  150 20 23 2
@  151 20 24 2
@  152 21 22 2
@  153 21 23 2
@  154 22 23 2
#
@  0 0 2 2
@  1 0 5 2
@  2 0 6 2
@  3 0 7 2
@  4 0 8 2
@  5 0 11 2
@  6 0 12 2
@  7 0 13 2
@  8 0 17 2
@  9 0 21 2
@  10 0 22 2
@  11 0 23 2
@  12 0 24 2
@  13 0 14 2
@  14 0 3 2
@  15 1 2 2
@  16 1 5 2
@  17 1 7 2
@  18 1 8 2
@  19 1 20 2
@  20 1 22 2
@  21 1 23 2
@  22 1 12 2
@  23 2 3 2
@  24 2 12 2
@  25 2 13 2
@  26 2 16 2
@  27 2 17 2
@  28 2 18 2
@  29 2 23 2
@  30 2 8 2
@  31 2 14 2
@  32 3 4 2
@  33 3 7 2
@  34 3 10 2
@  35 3 11 2
@  36 3 14 2
@  37 3 16 2
@  38 3 17 2
@  39 3 21 2
@  40 3 23 2
@  41 3 24 2
@  42 3 15 2
@  43 4 6 2
@  44 4 10 2
@  45 4 11 2
@  46 4 12 2
@  47 4 17 2
@  48 4 21 2
@  49 4 24 2
@  50 4 18 2
@  51 5 10 2
@  52 5 11 2
@  53 5 12 2
@  54 5 14 2
@  55 5 15 2
@  56 5 16 2
@  57 5 19 2
@  58 5 20 2
@  59 5 21 2
@  60 5 23 2
@  61 5 6 2
@  62 6 8 2
@  63 6 9 2
@  64 6 11 2
@  65 6 12 2
@  66 6 13 2
@  67 6 15 2
@  68 6 16 2
@  69 6 20 2
@  70 6 23 2
@  71 6 24 2
@  72 6 10 2
@  73 7 8 2
@  74 7 11 2
@  75 7 12 2
@  76 7 14 2
@  77 7 16 2
@  78 7 17 2
@  79 7 21 2
@  80 7 22 2
@  81 7 23 2
@  82 7 24 2
@  83 8 10 2
@  84 8 18 2
@  85 8 22 2
@  86 8 23 2
@  87 8 24 2
@  88 8 12 2
@  89 8 19 2
@  90 9 12 2
@  91 9 13 2
@  92 9 21 2
@  93 10 14 2
@  94 10 16 2
@  95 10 17 2
@  96 10 18 2
@  97 10 19 2
@  98 10 20 2
@  99 10 23 2
@  100 10 24 2
@  101 11 14 2
@  102 11 15 2
@  103 11 20 2
@  104 11 22 2
@  105 12 13 2
@  106 12 14 2
@  107 12 18 2
@  108 12 19 2
@  109 12 20 2
@  110 12 22 2
@  111 12 24 2
@  112 13 14 2
@  113 13 15 2
@  114 13 17 2
@  115 13 19 2
@  116 13 20 2
@  117 13 23 2
@  118 13 18 2
@  119 14 15 2
@  120 14 16 2
@  121 14 17 2
@  122 14 18 2
@  123 14 20 2
@  124 14 21 2
@  125 14 23 2
@  126 14 24 2
@  127 14 22 2
@  128 15 16 2
@  129 15 17 2
@  130 15 19 2
@  131 15 20 2
@  132 15 22 2
@  133 15 23 2
@  134 15 21 2
@  135 16 17 2
@  136 16 21 2
@  137 16 23 2
@  138 16 24 2
@  139 17 20 2
@  140 17 23 2
@  141 17 24 2
@  142 17 19 2
@  143 18 19 2
@  144 18 20 2
@  145 18 21 2
@  146 18 24 2
@  147 19 20 2
@  148 19 22 2
@  149 19 23 2
@  150 19 24 2
@  151 20 21 2
@  152 20 23 2
@  153 20 24 2
@  154 21 22 2
@  155 21 23 2
@  156 22 23 2
@  157 24 24 2
#
