@  0 0 1 2
@  1 0 4 2
@  2 0 5 2
@  3 0 7 2
@  4 0 12 2
@  5 0 14 2
@  6 0 15 2
@  7 0 17 2
@  8 0 18 2
@  9 0 21 2
@  10 0 23 2
@  11 0 24 2
@  12 0 6 2
@  13 1 2 2
@  14 1 3 2
@  15 1 4 2
@  16 1 5 2
@  17 1 7 2
@  18 1 8 2
@  19 1 10 2
@  20 1 11 2
@  21 1 12 2
@  22 1 13 2
@  23 1 14 2
@  24 1 16 2
@  25 1 17 2
@  26 1 18 2
@  27 1 20 2
@  28 1 21 2
@  29 1 24 2
@  30 1 9 2
@  31 2 3 2
@  32 2 6 2
@  33 2 10 2
@  34 2 12 2
@  35 2 13 2
@  36 2 14 2
@  37 2 16 2
@  38 2 17 2
@  39 2 18 2
@  40 2 20 2
@  41 2 22 2
@  42 2 24 2
@  43 2 9 2
@  44 3 4 2
@  45 3 5 2
@  46 3 8 2
@  47 3 9 2
@  48 3 13 2
@  49 3 14 2
@  50 3 16 2
@  51 3 17 2
@  52 3 18 2
@  53 3 19 2
@  54 3 20 2
@  55 3 22 2
@  56 3 23 2
@  57 3 24 2
@  58 3 3 2
@  59 3 11 2
@  60 3 21 2
@  61 4 7 2
@  62 4 8 2
@  63 4 10 2
@  64 4 11 2
@  65 4 12 2
@  66 4 13 2
@  67 4 15 2
@  68 4 16 2
@  69 4 17 2
@  70 4 18 2
@  71 4 19 2
@  72 4 20 2
@  73 4 21 2
@  74 4 22 2
@  75 4 23 2
@  76 4 24 2
@  77 5 7 2
@  78 5 8 2
@  79 5 9 2
@  80 5 11 2
@  81 5 14 2
@  82 5 15 2
@  83 5 16 2
@  84 5 18 2
@  85 5 19 2
@  86 5 21 2
@  87 5 22 2
@  88 5 23 2
@  89 5 20 2
@  90 5 12 2
@  91 6 7 2
@  92 6 8 2
@  93 6 12 2
@  94 6 14 2
@  95 6 17 2
@  96 6 18 2
@  97 6 19 2
@  98 6 20 2
@  99 6 23 2
@  100 6 24 2
@  101 7 8 2
@  102 7 10 2
@  103 7 12 2
@  104 7 13 2
@  105 7 17 2
@  106 7 19 2
@  107 7 21 2
@  108 7 23 2
@  109 8 9 2
@  110 8 12 2
@  111 8 15 2
@  112 8 21 2
@  113 8 22 2
@  114 8 24 2
@  115 8 16 2
@  116 8 13 2
@  117 9 10 2
@  118 9 11 2
@  119 9 17 2
@  120 9 21 2
@  121 9 22 2
@  122 9 15 2
@  123 9 18 2
@  124 10 11 2
@  125 10 14 2
@  126 10 16 2
@  127 10 18 2
@  128 10 19 2
@  129 10 23 2
@  130 11 14 2
@  131 11 15 2
@  132 11 17 2
@  133 11 20 2
@  134 11 23 2
@  135 11 24 2
@  136 12 13 2
@  137 12 14 2
@  138 12 15 2
@  139 12 16 2
@  140 12 17 2
@  141 12 19 2
@  142 12 20 2
@  143 12 21 2
@  144 12 22 2
@  145 12 23 2
@  146 13 14 2
@  147 13 17 2
@  148 13 18 2
@  149 13 19 2
@  150 13 20 2
@  151 13 22 2
@  152 14 17 2
@  153 14 18 2
@  154 14 21 2
@  155 14 22 2
@  156 14 23 2
@  157 14 24 2
@  158 14 14 2
@  159 15 16 2
@  160 15 17 2
@  161 15 18 2
@  162 15 19 2
@  163 15 23 2
@  164 15 24 2
@  165 16 18 2
@  166 16 19 2
@  167 16 21 2
@  168 16 22 2
@  169 16 23 2
@  170 16 24 2
@  171 17 19 2
@  172 17 22 2
@  173 17 24 2
@  174 17 17 2
@  175 17 20 2
@  176 18 20 2
@  177 18 22 2
@  178 18 23 2
@  179 19 23 2
@  180 19 24 2
@  181 20 22 2
@  182 20 24 2
@  183 21 22 2
@  184 21 24 2
@  185 22 23 2
#
@  0 0 1 2
@  1 0 4 2
@  2 0 5 2
@  3 0 7 2
@  4 0 12 2
@  5 0 14 2
@  6 0 15 2
@  7 0 17 2
@  8 0 18 2
@  9 0 21 2
@  10 0 23 2
@  11 0 24 2
@  12 0 6 2
@  13 0 9 2
@  14 1 2 2
@  15 1 3 2
@  16 1 4 2
@  17 1 5 2
@  18 1 7 2
@  19 1 8 2
@  20 1 10 2
@  21 1 11 2
@  22 1 12 2
@  23 1 13 2
@  24 1 14 2
@  25 1 16 2
@  26 1 17 2
@  27 1 18 2
@  28 1 20 2
@  29 1 21 2
@  30 1 24 2
@  31 2 3 2
@  32 2 6 2
@  33 2 10 2
@  34 2 12 2
@  35 2 13 2
@  36 2 14 2
@  37 2 16 2
@  38 2 17 2
@  39 2 18 2
@  40 2 20 2
@  41 2 22 2
@  42 2 24 2
@  43 2 5 2
@  44 3 4 2
@  45 3 5 2
@  46 3 8 2
@  47 3 9 2
@  48 3 13 2
@  49 3 14 2
@  50 3 16 2
@  51 3 17 2
@  52 3 18 2
@  53 3 19 2
@  54 3 20 2
@  55 3 22 2
@  56 3 23 2
@  57 3 24 2
@  58 3 3 2
@  59 3 7 2
@  60 4 7 2
@  61 4 8 2
@  62 4 10 2
@  63 4 11 2
@  64 4 12 2
@  65 4 13 2
@  66 4 15 2
@  67 4 16 2
@  68 4 17 2
@  69 4 18 2
@  70 4 19 2
@  71 4 20 2
@  72 4 21 2
@  73 4 22 2
@  74 4 23 2
@  75 4 24 2
@  76 4 5 2
@  77 5 7 2
@  78 5 8 2
@  79 5 9 2
@  80 5 11 2
@  81 5 14 2
@  82 5 15 2
@  83 5 16 2
@  84 5 18 2
@  85 5 19 2
@  86 5 21 2
@  87 5 22 2
@  88 5 23 2
@  89 5 24 2
@  90 6 7 2
@  91 6 8 2
@  92 6 12 2
@  93 6 14 2
@  94 6 17 2
@  95 6 18 2
@  96 6 19 2
@  97 6 20 2
@  98 6 23 2
@  99 6 24 2
@  100 6 22 2
@  101 7 8 2
@  102 7 10 2
@  103 7 12 2
@  104 7 13 2
@  105 7 17 2
@  106 7 19 2
@  107 7 21 2
@  108 7 11 2
@  109 7 14 2
@  110 7 16 2
@  111 8 9 2
@  112 8 12 2
@  113 8 15 2
@  114 8 21 2
@  115 8 22 2
@  116 8 24 2
@  117 8 18 2
@  118 9 10 2
@  119 9 11 2
@  120 9 17 2
@  121 9 21 2
@  122 9 22 2
@  123 10 11 2
@  124 10 14 2
@  125 10 16 2
@  126 10 18 2
@  127 10 19 2
@  128 10 23 2
@  129 11 14 2
@  130 11 15 2
@  131 11 17 2
@  132 11 20 2
@  133 11 23 2
@  134 12 13 2
@  135 12 14 2
@  136 12 15 2
@  137 12 16 2
@  138 12 17 2
@  139 12 19 2
@  140 12 20 2
@  141 12 21 2
@  142 12 22 2
@  143 12 23 2
@  144 13 14 2
@  145 13 17 2
@  146 13 18 2
@  147 13 19 2
@  148 13 20 2
@  149 13 22 2
@  150 13 21 2
@  151 14 17 2
@  152 14 18 2
@  153 14 21 2
@  154 14 22 2
@  155 14 23 2
@  156 14 24 2
@  157 15 16 2
@  158 15 17 2
@  159 15 18 2
@  160 15 19 2
@  161 15 23 2
@  162 15 24 2
@  163 15 20 2
@  164 16 18 2
@  165 16 19 2
@  166 16 21 2
@  167 16 22 2
@  168 16 23 2
@  169 16 24 2
@  170 17 19 2
@  171 17 22 2
@  172 17 24 2
@  173 17 21 2
@  174 18 20 2
@  175 18 22 2
@  176 18 23 2
@  177 18 19 2
@  178 19 23 2
@  179 19 24 2
@  180 19 19 2
@  181 20 22 2
@  182 20 24 2
@  183 21 22 2
@  184 21 24 2
@  185 22 23 2
@  186 22 24 2
#
@  0 0 1 2
@  1 0 4 2
@  2 0 5 2
@  3 0 7 2
@  4 0 12 2
@  5 0 14 2
@  6 0 15 2
@  7 0 17 2
@  8 0 18 2
@  9 0 21 2
@  10 0 23 2
@  11 0 24 2
@  12 0 11 2
@  13 0 6 2
@  14 1 2 2
@  15 1 3 2
@  16 1 4 2
@  17 1 5 2
@  18 1 7 2
@  19 1 8 2
@  20 1 10 2
@  21 1 11 2
@  22 1 12 2
@  23 1 13 2
@  24 1 14 2
@  25 1 16 2
@  26 1 17 2
@  27 1 18 2
@  28 1 20 2
@  29 1 21 2
@  30 1 24 2
@  31 1 15 2
@  32 2 3 2
@  33 2 6 2
@  34 2 10 2
@  35 2 12 2
@  36 2 13 2
@  37 2 14 2
@  38 2 16 2
@  39 2 17 2
@  40 2 18 2
@  41 2 20 2
@  42 2 22 2
@  43 2 24 2
@  44 3 4 2
@  45 3 5 2
@  46 3 8 2
@  47 3 9 2
@  48 3 13 2
@  49 3 14 2
@  50 3 16 2
@  51 3 17 2
@  52 3 18 2
@  53 3 19 2
@  54 3 20 2
@  55 3 22 2
@  56 3 23 2
@  57 3 24 2
@  58 3 21 2
@  59 4 7 2
@  60 4 8 2
@  61 4 10 2
@  62 4 11 2
@  63 4 12 2
@  64 4 13 2
@  65 4 15 2
@  66 4 16 2
@  67 4 17 2
@  68 4 18 2
@  69 4 19 2
@  70 4 20 2
@  71 4 21 2
@  72 4 22 2
@  73 4 23 2
@  74 4 24 2
@  75 4 5 2
@  76 5 7 2
@  77 5 8 2
@  78 5 9 2
@  79 5 11 2
@  80 5 14 2
@  81 5 15 2
@  82 5 16 2
@  83 5 18 2
@  84 5 19 2
@  85 5 21 2
@  86 5 22 2
@  87 5 23 2
@  88 6 7 2
@  89 6 8 2
@  90 6 12 2
@  91 6 14 2
@  92 6 17 2
@  93 6 18 2
@  94 6 19 2
@  95 6 20 2
@  96 6 23 2
@  97 6 24 2
@  98 6 10 2
@  99 6 21 2
@  100 7 8 2
@  101 7 10 2
@  102 7 12 2
@  103 7 13 2
@  104 7 17 2
@  105 7 19 2
@  106 7 21 2
@  107 8 9 2
@  108 8 12 2
@  109 8 15 2
@  110 8 21 2
@  111 8 22 2
@  112 8 24 2
@  113 8 10 2
@  114 9 10 2
@  115 9 11 2
@  116 9 17 2
@  117 9 21 2
@  118 9 22 2
@  119 9 14 2
@  120 10 11 2
@  121 10 14 2
@  122 10 16 2
@  123 10 18 2
@  124 10 19 2
@  125 10 23 2
@  126 10 20 2
@  127 11 14 2
@  128 11 15 2
@  129 11 17 2
@  130 11 20 2
@  131 11 23 2
@  132 11 12 2
@  133 11 18 2
@  134 12 13 2
@  135 12 14 2
@  136 12 15 2
@  137 12 16 2
@  138 12 17 2
@  139 12 19 2
@  140 12 20 2
@  141 12 21 2
@  142 12 22 2
@  143 12 23 2
@  144 13 14 2
@  145 13 17 2
@  146 13 18 2
@  147 13 19 2
@  148 13 20 2
@  149 13 22 2
@  150 13 13 2
@  151 13 16 2
@  152 14 17 2
@  153 14 18 2
@  154 14 21 2
@  155 14 22 2
@  156 14 23 2
@  157 14 24 2
@  158 14 15 2
@  159 15 16 2
@  160 15 17 2
@  161 15 18 2
@  162 15 19 2
@  163 15 23 2
@  164 15 24 2
@  165 16 18 2
@  166 16 19 2
@  167 16 21 2
@  168 16 22 2
@  169 16 23 2
@  170 16 24 2
@  171 17 19 2
@  172 17 22 2
@  173 17 24 2
@  174 17 17 2
@  175 18 20 2
@  176 18 22 2
@  177 18 23 2
@  178 19 23 2
@  179 19 24 2
@  180 19 22 2
@  181 20 22 2
@  182 20 24 2
@  183 21 22 2
@  184 21 24 2
@  185 22 23 2
#
