@  0 0 1 2
@  1 0 3 2
@  2 0 5 2
@  3 0 7 2
@  4 0 8 2
@  5 0 9 2
@  6 0 10 2
@  7 0 11 2
@  8 0 12 2
@  9 0 13 2
@  10 0 14 2
@  11 0 16 2
@  12 0 20 2
@  13 0 22 2
@  14 0 23 2
@  15 0 24 2
@  16 0 2 2
@  17 0 19 2
@  18 1 3 2
@  19 1 4 2
@  20 1 5 2
@  21 1 8 2
@  22 1 9 2
@  23 1 10 2
@  24 1 11 2
@  25 1 13 2
@  26 1 17 2
@  27 1 18 2
@  28 1 19 2
@  29 1 20 2
@  30 1 21 2
@  31 1 22 2
@  32 1 23 2
@  33 1 24 2
@  34 1 1 2
@  35 2 3 2
@  36 2 5 2
@  37 2 8 2
@  38 2 9 2
@  39 2 10 2
@  40 2 12 2
@  41 2 14 2
@  42 2 16 2
@  43 2 18 2
@  44 2 19 2
@  45 2 22 2
@  46 2 23 2
@  47 2 24 2
@  48 2 2 2
@  49 3 4 2
@  50 3 5 2
@  51 3 6 2
@  52 3 7 2
@  53 3 9 2
@  54 3 10 2
@  55 3 11 2
@  56 3 12 2
@  57 3 13 2
@  58 3 14 2
@  59 3 15 2
@  60 3 18 2
@  61 3 24 2
@  62 3 21 2
@  63 3 16 2
@  64 3 23 2
@  65 4 5 2
@  66 4 6 2
@  67 4 8 2
@  68 4 9 2
@  69 4 12 2
@  70 4 13 2
@  71 4 14 2
@  72 4 15 2
@  73 4 16 2
@  74 4 18 2
@  75 4 19 2
@  76 4 23 2
@  77 4 24 2
@  78 4 4 2
@  79 5 8 2
@  80 5 9 2
@  81 5 10 2
@  82 5 12 2
@  83 5 13 2
@  84 5 16 2
@  85 5 17 2
@  86 5 18 2
@  87 5 20 2
@  88 5 21 2
@  89 5 22 2
@  90 5 23 2
@  91 5 24 2
@  92 6 7 2
@  93 6 8 2
@  94 6 10 2
@  95 6 11 2
@  96 6 13 2
@  97 6 14 2
@  98 6 15 2
@  99 6 16 2
@  100 6 17 2
@  101 6 18 2
@  102 6 19 2
@  103 6 20 2
@  104 6 21 2
@  105 6 22 2
@  106 6 23 2
@  107 6 9 2
@  108 7 8 2
@  109 7 9 2
@  110 7 13 2
@  111 7 14 2
@  112 7 15 2
@  113 7 17 2
@  114 7 19 2
@  115 7 21 2
@  116 7 23 2
@  117 7 16 2
@  118 8 9 2
@  119 8 12 2
@  120 8 14 2
@  121 8 16 2
@  122 8 17 2
@  123 8 18 2
@  124 8 19 2
@  125 8 22 2
@  126 8 23 2
@  127 8 24 2
@  128 8 10 2
@  129 8 13 2
@  130 9 10 2
@  131 9 11 2
@  132 9 12 2
@  133 9 13 2
@  134 9 14 2
@  135 9 15 2
@  136 9 17 2
@  137 9 18 2
@  138 9 19 2
@  139 9 20 2
@  140 9 22 2
@  141 9 9 2
@  142 10 12 2
@  143 10 14 2
@  144 10 15 2
@  145 10 17 2
@  146 10 18 2
@  147 10 19 2
@  148 10 20 2
@  149 10 22 2
@  150 10 23 2
@  151 10 24 2
@  152 10 11 2
@  153 11 15 2
@  154 11 16 2
@  155 11 17 2
@  156 11 18 2
@  157 11 19 2
@  158 11 20 2
@  159 11 22 2
@  160 12 14 2
@  161 12 15 2
@  162 12 16 2
@  163 12 18 2
@  164 12 19 2
@  165 12 22 2
@  166 12 23 2
@  167 12 24 2
@  168 12 20 2
@  169 13 15 2
@  170 13 17 2
@  171 13 18 2
@  172 13 19 2
@  173 13 20 2
@  174 13 21 2
@  175 13 22 2
@  176 13 23 2
@  177 13 24 2
@  178 14 15 2
@  179 14 17 2
@  180 14 18 2
@  181 14 19 2
@  182 14 20 2
@  183 14 21 2
@  184 14 22 2
@  185 14 23 2
@  186 14 14 2
@  187 15 16 2
@  188 15 17 2
@  189 15 18 2
@  190 15 20 2
@  191 15 21 2
@  192 15 24 2
@  193 15 19 2
@  194 15 22 2
@  195 16 17 2
@  196 16 18 2
@  197 16 20 2
@  198 16 21 2
@  199 16 22 2
@  200 16 23 2
@  201 17 19 2
@  202 17 21 2
@  203 17 22 2
@  204 17 24 2
@  205 18 19 2
@  206 18 20 2
@  207 18 22 2
@  208 18 23 2
@  209 18 18 2
@  210 19 20 2
@  211 19 21 2
@  212 19 22 2
@  213 19 23 2
@  214 19 24 2
@  215 20 21 2
@  216 20 22 2
@  217 20 24 2
@  218 20 20 2
@  219 21 22 2
@  220 21 23 2
@  221 21 24 2
@  222 22 23 2
@  223 22 24 2
@  224 23 24 2
#
@  0 0 1 2
@  1 0 3 2
@  2 0 5 2
@  3 0 7 2
@  4 0 8 2
@  5 0 9 2
@  6 0 10 2
@  7 0 11 2
@  8 0 12 2
@  9 0 13 2
@  10 0 14 2
@  11 0 16 2
@  12 0 20 2
@  13 0 22 2
@  14 0 23 2
@  15 0 24 2
@  16 1 3 2
@  17 1 4 2
@  18 1 5 2
@  19 1 8 2
@  20 1 9 2
@  21 1 10 2
@  22 1 11 2
@  23 1 13 2
@  24 1 17 2
@  25 1 18 2
@  26 1 19 2
@  27 1 20 2
@  28 1 21 2
@  29 1 22 2
@  30 1 23 2
@  31 1 24 2
@  32 1 12 2
@  33 2 3 2
@  34 2 5 2
@  35 2 8 2
@  36 2 9 2
@  37 2 10 2
@  38 2 12 2
@  39 2 14 2
@  40 2 16 2
@  41 2 18 2
@  42 2 19 2
@  43 2 22 2
@  44 2 23 2
@  45 2 24 2
@  46 2 11 2
@  47 2 21 2
@  48 3 4 2
@  49 3 5 2
@  50 3 6 2
@  51 3 7 2
@  52 3 9 2
@  53 3 10 2
@  54 3 11 2
@  55 3 12 2
@  56 3 13 2
@  57 3 14 2
@  58 3 15 2
@  59 3 18 2
@  60 3 24 2
@  61 3 20 2
@  62 4 5 2
@  63 4 6 2
@  64 4 8 2
@  65 4 9 2
@  66 4 12 2
@  67 4 13 2
@  68 4 14 2
@  69 4 15 2
@  70 4 16 2
@  71 4 18 2
@  72 4 19 2
@  73 4 23 2
@  74 4 24 2
@  75 4 7 2
@  76 5 8 2
@  77 5 9 2
@  78 5 10 2
@  79 5 12 2
@  80 5 13 2
@  81 5 16 2
@  82 5 17 2
@  83 5 18 2
@  84 5 20 2
@  85 5 21 2
@  86 5 22 2
@  87 5 23 2
@  88 5 24 2
@  89 6 7 2
@  90 6 8 2
@  91 6 10 2
@  92 6 11 2
@  93 6 13 2
@  94 6 14 2
@  95 6 15 2
@  96 6 16 2
@  97 6 17 2
@  98 6 18 2
@  99 6 19 2
@  100 6 20 2
@  101 6 21 2
@  102 6 22 2
@  103 6 23 2
@  104 7 8 2
@  105 7 9 2
@  106 7 13 2
@  107 7 14 2
@  108 7 15 2
@  109 7 17 2
@  110 7 19 2
@  111 7 21 2
@  112 7 23 2
@  113 7 18 2
@  114 7 22 2
@  115 8 9 2
@  116 8 12 2
@  117 8 14 2
@  118 8 16 2
@  119 8 17 2
@  120 8 18 2
@  121 8 19 2
@  122 8 22 2
@  123 8 23 2
@  124 8 8 2
@  125 9 10 2
@  126 9 11 2
@  127 9 12 2
@  128 9 13 2
@  129 9 14 2
@  130 9 15 2
@  131 9 17 2
@  132 9 18 2
@  133 9 19 2
@  134 9 20 2
@  135 9 22 2
@  136 10 12 2
@  137 10 14 2
@  138 10 15 2
@  139 10 17 2
@  140 10 18 2
@  141 10 19 2
@  142 10 20 2
@  143 10 22 2
@  144 10 23 2
@  145 10 24 2
@  146 10 11 2
@  147 10 13 2
@  148 11 15 2
@  149 11 16 2
@  150 11 17 2
@  151 11 18 2
@  152 11 19 2
@  153 11 20 2
@  154 11 22 2
@  155 12 14 2
@  156 12 15 2
@  157 12 16 2
@  158 12 18 2
@  159 12 19 2
@  160 12 22 2
@  161 12 23 2
@  162 12 24 2
@  163 12 21 2
@  164 13 15 2
@  165 13 17 2
@  166 13 18 2
@  167 13 19 2
@  168 13 20 2
@  169 13 21 2
@  170 13 22 2
@  171 13 23 2
@  172 13 24 2
@  173 14 15 2
@  174 14 17 2
@  175 14 18 2
@  176 14 19 2
@  177 14 20 2
@  178 14 21 2
@  179 14 22 2
@  180 14 23 2
@  181 15 16 2
@  182 15 17 2
@  183 15 18 2
@  184 15 20 2
@  185 15 21 2
@  186 15 24 2
@  187 15 23 2
@  188 16 17 2
@  189 16 18 2
@  190 16 20 2
@  191 16 21 2
@  192 16 22 2
@  193 16 23 2
@  194 17 19 2
@  195 17 21 2
@  196 17 22 2
@  197 17 24 2
@  198 17 20 2
@  199 18 19 2
@  200 18 20 2
@  201 18 22 2
@  202 18 23 2
@  203 18 24 2
@  204 19 20 2
@  205 19 21 2
@  206 19 22 2
@  207 19 23 2
@  208 19 24 2
@  209 20 21 2
@  210 20 22 2
@  211 20 24 2
@  212 20 20 2
@  213 21 22 2
@  214 21 23 2
@  215 22 23 2
@  216 22 24 2
@  217 23 24 2
@  218 23 23 2
#
@  0 0 1 2
@  1 0 3 2
@  2 0 5 2
@  3 0 7 2
@  4 0 8 2
@  5 0 9 2
@  6 0 10 2
@  7 0 11 2
@  8 0 12 2
@  9 0 13 2
@  10 0 14 2
@  11 0 16 2
@  12 0 20 2
@  13 0 22 2
@  14 0 23 2
@  15 0 24 2
@  16 0 6 2
@  17 0 17 2
@  18 1 3 2
@  19 1 4 2
@  20 1 5 2
@  21 1 8 2
@  22 1 9 2
@  23 1 10 2
@  24 1 11 2
@  25 1 13 2
@  26 1 17 2
@  27 1 18 2
@  28 1 19 2
@  29 1 20 2
@  30 1 21 2
@  31 1 22 2
@  32 1 23 2
@  33 1 24 2
@  34 1 15 2
@  35 2 3 2
@  36 2 5 2
@  37 2 8 2
@  38 2 9 2
@  39 2 10 2
@  40 2 12 2
@  41 2 14 2
@  42 2 16 2
@  43 2 18 2
@  44 2 19 2
@  45 2 22 2
@  46 2 23 2
@  47 2 24 2
@  48 2 6 2
@  49 3 4 2
@  50 3 5 2
@  51 3 6 2
@  52 3 7 2
@  53 3 9 2
@  54 3 10 2
@  55 3 11 2
@  56 3 12 2
@  57 3 13 2
@  58 3 14 2
@  59 3 15 2
@  60 3 18 2
@  61 3 24 2
@  62 4 5 2
@  63 4 6 2
@  64 4 8 2
@  65 4 9 2
@  66 4 12 2
@  67 4 13 2
@  68 4 14 2
@  69 4 15 2
@  70 4 16 2
@  71 4 18 2
@  72 4 19 2
@  73 4 23 2
@  74 4 24 2
@  75 4 17 2
@  76 5 8 2
@  77 5 9 2
@  78 5 10 2
@  79 5 12 2
@  80 5 13 2
@  81 5 16 2
@  82 5 17 2
@  83 5 18 2
@  84 5 20 2
@  85 5 21 2
@  86 5 22 2
@  87 5 23 2
@  88 5 24 2
@  89 5 5 2
@  90 6 7 2
@  91 6 8 2
@  92 6 10 2
@  93 6 11 2
@  94 6 13 2
@  95 6 14 2
@  96 6 15 2
@  97 6 16 2
@  98 6 17 2
@  99 6 18 2
@  100 6 19 2
@  101 6 20 2
@  102 6 21 2
@  103 6 22 2
@  104 6 23 2
@  105 6 9 2
@  106 7 8 2
@  107 7 9 2
@  108 7 13 2
@  109 7 14 2
@  110 7 15 2
@  111 7 17 2
@  112 7 19 2
@  113 7 21 2
@  114 7 23 2
@  115 7 12 2
@  116 7 11 2
@  117 8 9 2
@  118 8 12 2
@  119 8 14 2
@  120 8 16 2
@  121 8 17 2
@  122 8 18 2
@  123 8 19 2
@  124 8 22 2
@  125 8 23 2
@  126 8 21 2
@  127 9 10 2
@  128 9 11 2
@  129 9 12 2
@  130 9 13 2
@  131 9 14 2
@  132 9 15 2
@  133 9 17 2
@  134 9 18 2
@  135 9 19 2
@  136 9 20 2
@  137 9 22 2
@  138 10 12 2
@  139 10 14 2
@  140 10 15 2
@  141 10 17 2
@  142 10 18 2
@  143 10 19 2
@  144 10 20 2
@  145 10 22 2
@  146 10 23 2
@  147 10 24 2
@  148 10 16 2
@  149 11 15 2
@  150 11 16 2
@  151 11 17 2
@  152 11 18 2
@  153 11 19 2
@  154 11 20 2
@  155 11 22 2
@  156 12 14 2
@  157 12 15 2
@  158 12 16 2
@  159 12 18 2
@  160 12 19 2
@  161 12 22 2
@  162 12 23 2
@  163 12 24 2
@  164 12 21 2
@  165 13 15 2
@  166 13 17 2
@  167 13 18 2
@  168 13 19 2
@  169 13 20 2
@  170 13 21 2
@  171 13 22 2
@  172 13 23 2
@  173 13 24 2
@  174 14 15 2
@  175 14 17 2
@  176 14 18 2
@  177 14 19 2
@  178 14 20 2
@  179 14 21 2
@  180 14 22 2
@  181 14 23 2
@  182 14 24 2
@  183 15 16 2
@  184 15 17 2
@  185 15 18 2
@  186 15 20 2
@  187 15 21 2
@  188 15 24 2
@  189 15 22 2
@  190 16 17 2
@  191 16 18 2
@  192 16 20 2
@  193 16 21 2
@  194 16 22 2
@  195 16 23 2
@  196 17 19 2
@  197 17 21 2
@  198 17 22 2
@  199 17 24 2
@  200 17 20 2
@  201 18 19 2
@  202 18 20 2
@  203 18 22 2
@  204 18 23 2
@  205 18 24 2
@  206 19 20 2
@  207 19 21 2
@  208 19 22 2
@  209 19 23 2
@  210 19 24 2
@  211 20 21 2
@  212 20 22 2
@  213 20 24 2
@  214 21 22 2
@  215 21 23 2
@  216 21 21 2
@  217 22 23 2
@  218 22 24 2
@  219 23 24 2
#
