@  0 0 3 2
@  1 0 4 2
@  2 0 8 2
@  3 0 9 2
@  4 0 28 2
@  5 1 8 2
@  6 1 14 2
@  7 1 16 2
@  8 1 21 2
@  9 1 23 2
@  10 1 26 2
@  11 1 22 2
@  12 1 25 2
@  13 2 4 2
@  14 2 5 2
@  15 2 9 2
@  16 2 11 2
@  17 2 12 2
@  18 2 16 2
@  19 2 22 2
@  20 2 24 2
@  21 3 10 2
@  22 3 20 2
@  23 3 23 2
@  24 3 25 2
@  25 3 26 2
@  26 3 14 2
@  27 4 12 2
@  28 4 16 2
@  29 4 18 2
@  30 4 21 2
@  31 4 22 2
@  32 4 24 2
@  33 5 9 2
@  34 5 10 2
@  35 5 17 2
@  36 5 18 2
@  37 5 19 2
@  38 5 26 2
@  39 5 29 2
@  40 6 7 2
@  41 6 8 2
@  42 6 10 2
@  43 6 11 2
@  44 6 20 2
@  45 6 29 2
@  46 7 11 2
@  47 7 14 2
@  48 7 16 2
@  49 7 20 2
@  50 7 21 2
@  51 7 22 2
@  52 7 26 2
@  53 8 11 2
@  54 8 12 2
@  55 8 14 2
@  56 8 19 2
@  57 8 20 2
@  58 9 13 2
@  59 9 18 2
@  60 9 29 2
@  61 10 17 2
@  62 10 19 2
@  63 10 22 2
@  64 10 28 2
@  65 11 14 2
@  66 11 17 2
@  67 11 18 2
@  68 11 23 2
@  69 11 24 2
@  70 11 29 2
@  71 12 14 2
@  72 12 20 2
@  73 12 24 2
@  74 12 29 2
@  75 14 21 2
@  76 14 22 2
@  77 14 23 2
@  78 14 24 2
@  79 14 25 2
@  80 14 26 2
@  81 15 25 2
@  82 15 26 2
@  83 15 29 2
@  84 16 19 2
@  85 16 24 2
@  86 16 28 2
@  87 17 21 2
@  88 17 22 2
@  89 18 24 2
@  90 18 26 2
@  91 19 25 2
@  92 19 26 2
@  93 19 27 2
@  94 20 27 2
@  95 20 29 2
@  96 21 22 2
@  97 21 26 2
@  98 21 21 2
@  99 21 27 2
@  100 22 25 2
@  101 25 27 2
@  102 25 29 2
#
@  0 0 3 2
@  1 0 4 2
@  2 0 8 2
@  3 0 9 2
@  4 0 28 2
@  5 0 14 2
@  6 1 8 2
@  7 1 14 2
@  8 1 16 2
@  9 1 21 2
@  10 1 23 2
@  11 1 26 2
@  12 2 4 2
@  13 2 5 2
@  14 2 9 2
@  15 2 11 2
@  16 2 12 2
@  17 2 16 2
@  18 2 22 2
@  19 2 24 2
@  20 3 10 2
@  21 3 20 2
@  22 3 23 2
@  23 3 25 2
@  24 3 26 2
@  25 3 17 2
@  26 4 12 2
@  27 4 16 2
@  28 4 18 2
@  29 4 21 2
@  30 4 22 2
@  31 4 24 2
@  32 4 6 2
@  33 5 9 2
@  34 5 10 2
@  35 5 17 2
@  36 5 18 2
@  37 5 19 2
@  38 5 26 2
@  39 5 29 2
@  40 6 7 2
@  41 6 8 2
@  42 6 10 2
@  43 6 11 2
@  44 6 20 2
@  45 6 29 2
@  46 6 16 2
@  47 7 11 2
@  48 7 14 2
@  49 7 16 2
@  50 7 20 2
@  51 7 21 2
@  52 7 22 2
@  53 7 26 2
@  54 7 13 2
@  55 8 11 2
@  56 8 12 2
@  57 8 14 2
@  58 8 19 2
@  59 8 20 2
@  60 9 13 2
@  61 9 18 2
@  62 9 29 2
@  63 10 17 2
@  64 10 19 2
@  65 10 22 2
@  66 10 28 2
@  67 10 26 2
@  68 11 14 2
@  69 11 17 2
@  70 11 18 2
@  71 11 23 2
@  72 11 24 2
@  73 11 29 2
@  74 12 14 2
@  75 12 20 2
@  76 12 24 2
@  77 12 25 2
@  78 14 21 2
@  79 14 22 2
@  80 14 23 2
@  81 14 24 2
@  82 14 25 2
@  83 14 26 2
@  84 15 25 2
@  85 15 26 2
@  86 15 29 2
@  87 16 19 2
@  88 16 24 2
@  89 16 28 2
@  90 17 21 2
@  91 17 22 2
@  92 18 24 2
@  93 18 26 2
@  94 19 25 2
@  95 19 26 2
@  96 19 27 2
@  97 19 22 2
@  98 20 27 2
@  99 20 29 2
@  100 21 22 2
@  101 21 26 2
@  102 22 25 2
@  103 25 27 2
@  104 25 29 2
#
@  0 0 3 2
@  1 0 4 2
@  2 0 8 2
@  3 0 9 2
@  4 0 28 2
@  5 1 8 2
@  6 1 14 2
@  7 1 16 2
@  8 1 21 2
@  9 1 23 2
@  10 1 26 2
@  11 2 4 2
@  12 2 5 2
@  13 2 9 2
@  14 2 11 2
@  15 2 12 2
@  16 2 16 2
@  17 2 22 2
@  18 2 24 2
@  19 3 10 2
@  20 3 20 2
@  21 3 23 2
@  22 3 25 2
@  23 3 26 2
@  24 4 12 2
@  25 4 16 2
@  26 4 18 2
@  27 4 21 2
@  28 4 22 2
@  29 4 24 2
@  30 5 9 2
@  31 5 10 2
@  32 5 17 2
@  33 5 18 2
@  34 5 19 2
@  35 5 26 2
@  36 5 29 2
@  37 6 7 2
@  38 6 8 2
@  39 6 10 2
@  40 6 11 2
@  41 6 20 2
@  42 6 29 2
@  43 6 26 2
@  44 7 11 2
@  45 7 14 2
@  46 7 16 2
@  47 7 20 2
@  48 7 21 2
@  49 7 22 2
@  50 7 26 2
@  51 8 11 2
@  52 8 12 2
@  53 8 14 2
@  54 8 19 2
@  55 8 20 2
@  56 9 13 2
@  57 9 18 2
@  58 9 29 2
@  59 10 17 2
@  60 10 19 2
@  61 10 22 2
@  62 10 28 2
@  63 11 14 2
@  64 11 17 2
@  65 11 18 2
@  66 11 23 2
@  67 11 24 2
@  68 11 29 2
@  69 11 16 2
@  70 12 14 2
@  71 12 20 2
@  72 12 24 2
@  73 14 21 2
@  74 14 22 2
@  75 14 23 2
@  76 14 24 2
@  77 14 25 2
@  78 14 26 2
@  79 15 25 2
@  80 15 26 2
@  81 15 29 2
@  82 16 19 2
@  83 16 24 2
@  84 16 28 2
@  85 17 21 2
@  86 17 22 2
@  87 17 18 2
@  88 18 24 2
@  89 18 26 2
@  90 19 25 2
@  91 19 26 2
@  92 19 27 2
@  93 20 27 2
@  94 20 29 2
@  95 21 22 2
@  96 21 26 2
@  97 22 25 2
@  98 23 25 2
@  99 25 27 2
@  100 25 29 2
#
