@  0 0 1 2
@  1 0 7 2
@  2 0 13 2
@  3 0 17 2
@  4 0 20 2
@  5 0 25 2
@  6 0 29 2
@  7 0 3 2
@  8 0 30 2
@  9 1 7 2
@  10 1 16 2
@  11 1 18 2
@  12 1 20 2
@  13 1 23 2
@  14 1 11 2
@  15 1 34 2
@  16 2 4 2
@  17 2 10 2
@  18 2 13 2
@  19 2 19 2
@  20 2 21 2
@  21 2 25 2
@  22 2 16 2
@  23 3 5 2
@  24 3 13 2
@  25 3 17 2
@  26 3 27 2
@  27 3 28 2
@  28 4 10 2
@  29 4 16 2
@  30 4 19 2
@  31 4 23 2
@  32 4 27 2
@  33 4 28 2
@  34 4 32 2
@  35 5 13 2
@  36 5 15 2
@  37 5 21 2
@  38 5 23 2
@  39 5 27 2
@  40 5 32 2
@  41 6 10 2
@  42 6 18 2
@  43 6 21 2
@  44 6 28 2
@  45 7 15 2
@  46 7 18 2
@  47 7 23 2
@  48 7 33 2
@  49 8 15 2
@  50 8 18 2
@  51 8 22 2
@  52 8 24 2
@  53 8 27 2
@  54 8 29 2
@  55 8 32 2
@  56 9 22 2
@  57 9 24 2
@  58 9 29 2
@  59 9 31 2
@  60 9 32 2
@  61 9 27 2
@  62 10 15 2
@  63 10 17 2
@  64 10 24 2
@  65 10 28 2
@  66 11 14 2
@  67 11 17 2
@  68 11 22 2
@  69 11 28 2
@  70 11 26 2
@  71 12 15 2
@  72 12 21 2
@  73 12 22 2
@  74 12 27 2
@  75 12 29 2
@  76 12 31 2
@  77 12 34 2
@  78 13 18 2
@  79 13 21 2
@  80 13 22 2
@  81 13 26 2
@  82 13 30 2
@  83 13 31 2
@  84 13 33 2
@  85 14 18 2
@  86 14 22 2
@  87 14 24 2
@  88 14 26 2
@  89 14 27 2
@  90 14 31 2
@  91 15 20 2
@  92 15 24 2
@  93 15 27 2
@  94 15 28 2
@  95 15 29 2
@  96 16 18 2
@  97 16 19 2
@  98 16 24 2
@  99 16 29 2
@  100 16 31 2
@  101 17 19 2
@  102 17 22 2
@  103 17 23 2
@  104 17 27 2
@  105 18 25 2
@  106 18 27 2
@  107 19 24 2
@  108 19 32 2
@  109 20 21 2
@  110 20 28 2
@  111 20 32 2
@  112 21 23 2
@  113 21 27 2
@  114 21 33 2
@  115 22 28 2
@  116 22 32 2
@  117 22 31 2
@  118 23 24 2
@  119 23 32 2
@  120 24 27 2
@  121 24 28 2
@  122 25 27 2
@  123 25 32 2
@  124 26 27 2
@  125 26 29 2
@  126 26 31 2
@  127 26 33 2
@  128 31 34 2
@  129 31 33 2
@  130 32 33 2
@  131 33 34 2
#
@  0 0 1 2
@  1 0 7 2
@  2 0 13 2
@  3 0 17 2
@  4 0 20 2
@  5 0 25 2
@  6 0 29 2
@  7 1 7 2
@  8 1 16 2
@  9 1 18 2
@  10 1 20 2
@  11 1 23 2
@  12 2 4 2
@  13 2 10 2
@  14 2 13 2
@  15 2 19 2
@  16 2 21 2
@  17 2 25 2
@  18 3 5 2
@  19 3 13 2
@  20 3 17 2
@  21 3 27 2
@  22 3 28 2
@  23 4 10 2
@  24 4 16 2
@  25 4 19 2
@  26 4 23 2
@  27 4 27 2
@  28 4 28 2
@  29 4 32 2
@  30 4 17 2
@  31 4 12 2
@  32 5 13 2
@  33 5 15 2
@  34 5 21 2
@  35 5 23 2
@  36 5 27 2
@  37 5 32 2
@  38 6 10 2
@  39 6 18 2
@  40 6 21 2
@  41 6 28 2
@  42 7 15 2
@  43 7 18 2
@  44 7 23 2
@  45 7 33 2
@  46 8 15 2
@  47 8 18 2
@  48 8 22 2
@  49 8 24 2
@  50 8 27 2
@  51 8 29 2
@  52 8 32 2
@  53 8 20 2
@  54 8 31 2
@  55 9 22 2
@  56 9 24 2
@  57 9 29 2
@  58 9 31 2
@  59 9 32 2
@  60 10 15 2
@  61 10 17 2
@  62 10 24 2
@  63 10 28 2
@  64 11 14 2
@  65 11 17 2
@  66 11 22 2
@  67 11 28 2
@  68 11 23 2
@  69 12 15 2
@  70 12 21 2
@  71 12 22 2
@  72 12 27 2
@  73 12 29 2
@  74 12 31 2
@  75 12 34 2
@  76 13 18 2
@  77 13 21 2
@  78 13 22 2
@  79 13 26 2
@  80 13 30 2
@  81 13 31 2
@  82 13 33 2
@  83 14 18 2
@  84 14 22 2
@  85 14 24 2
@  86 14 26 2
@  87 14 27 2
@  88 14 31 2
@  89 15 20 2
@  90 15 24 2
@  91 15 27 2
@  92 15 28 2
@  93 15 29 2
@  94 16 18 2
@  95 16 19 2
@  96 16 24 2
@  97 16 29 2
@  98 16 31 2
@  99 17 19 2
@  100 17 22 2
@  101 17 23 2
@  102 17 27 2
@  103 18 25 2
@  104 18 27 2
@  105 18 28 2
@  106 19 24 2
@  107 19 32 2
@  108 20 21 2
@  109 20 28 2
@  110 20 32 2
@  111 21 23 2
@  112 21 27 2
@  113 21 33 2
@  114 22 28 2
@  115 22 32 2
@  116 23 24 2
@  117 23 32 2
@  118 24 27 2
@  119 24 28 2
@  120 24 29 2
@  121 25 27 2
@  122 25 32 2
@  123 26 27 2
@  124 26 29 2
@  125 26 31 2
@  126 26 33 2
@  127 29 30 2
@  128 31 34 2
@  129 33 34 2
#
@  0 0 1 2
@  1 0 7 2
@  2 0 13 2
@  3 0 17 2
@  4 0 20 2
@  5 0 25 2
@  6 0 29 2
@  7 1 7 2
@  8 1 16 2
@  9 1 18 2
@  10 1 20 2
@  11 1 23 2
@  12 2 4 2
@  13 2 10 2
@  14 2 13 2
@  15 2 19 2
@  16 2 21 2
@  17 2 25 2
@  18 3 5 2
@  19 3 13 2
@  20 3 17 2
@  21 3 27 2
@  22 3 28 2
@  23 4 10 2
@  24 4 16 2
@  25 4 19 2
@  26 4 23 2
@  27 4 27 2
@  28 4 28 2
@  29 4 32 2
@  30 5 13 2
@  31 5 15 2
@  32 5 21 2
@  33 5 23 2
@  34 5 27 2
@  35 5 32 2
@  36 5 30 2
@  37 6 10 2
@  38 6 18 2
@  39 6 21 2
@  40 6 28 2
@  41 7 15 2
@  42 7 18 2
@  43 7 23 2
@  44 7 33 2
@  45 8 15 2
@  46 8 18 2
@  47 8 22 2
@  48 8 24 2
@  49 8 27 2
@  50 8 29 2
@  51 8 32 2
@  52 9 22 2
@  53 9 24 2
@  54 9 29 2
@  55 9 31 2
@  56 9 32 2
@  57 10 15 2
@  58 10 17 2
@  59 10 24 2
@  60 10 28 2
@  61 11 14 2
@  62 11 17 2
@  63 11 22 2
@  64 11 28 2
@  65 12 15 2
@  66 12 21 2
@  67 12 22 2
@  68 12 27 2
@  69 12 29 2
@  70 12 31 2
@  71 12 34 2
@  72 13 18 2
@  73 13 21 2
@  74 13 22 2
@  75 13 26 2
@  76 13 30 2
@  77 13 31 2
@  78 13 33 2
@  79 14 18 2
@  80 14 22 2
@  81 14 24 2
@  82 14 26 2
@  83 14 27 2
@  84 14 31 2
@  85 15 20 2
@  86 15 24 2
@  87 15 27 2
@  88 15 28 2
@  89 15 29 2
@  90 15 23 2
@  91 16 18 2
@  92 16 19 2
@  93 16 24 2
@  94 16 29 2
@  95 16 31 2
@  96 17 19 2
@  97 17 22 2
@  98 17 23 2
@  99 17 27 2
@  100 18 25 2
@  101 18 27 2
@  102 19 24 2
@  103 19 32 2
@  104 20 21 2
@  105 20 28 2
@  106 20 32 2
@  107 21 23 2
@  108 21 27 2
@  109 21 33 2
@  110 22 28 2
@  111 22 32 2
@  112 23 24 2
@  113 23 32 2
@  114 24 27 2
@  115 24 28 2
@  116 24 29 2
@  117 25 27 2
@  118 25 32 2
@  119 26 27 2
@  120 26 29 2
@  121 26 31 2
@  122 26 33 2
@  123 31 34 2
@  124 31 33 2
@  125 33 34 2
#
