@  0 0 3 2
@  1 0 9 2
@  2 0 10 2
@  3 0 13 2
@  4 0 17 2
@  5 0 22 2
@  6 0 28 2
@  7 0 32 2
@  8 0 34 2
@  9 1 4 2
@  10 1 13 2
@  11 1 20 2
@  12 1 27 2
@  13 1 35 2
@  14 2 5 2
@  15 2 8 2
@  16 2 9 2
@  17 2 12 2
@  18 2 13 2
@  19 2 24 2
@  20 2 29 2
@  21 3 5 2
@  22 3 6 2
@  23 3 8 2
@  24 3 9 2
@  25 3 15 2
@  26 3 31 2
@  27 3 32 2
@  28 3 35 2
@  29 3 37 2
@  30 3 38 2
@  31 4 6 2
@  32 4 7 2
@  33 4 11 2
@  34 4 13 2
@  35 4 14 2
@  36 4 16 2
@  37 4 17 2
@  38 4 26 2
@  39 4 27 2
@  40 4 31 2
@  41 4 36 2
@  42 5 7 2
@  43 5 10 2
@  44 5 11 2
@  45 5 26 2
@  46 5 27 2
@  47 5 36 2
@  48 5 37 2
@  49 6 10 2
@  50 6 18 2
@  51 6 21 2
@  52 6 24 2
@  53 6 25 2
@  54 6 28 2
@  55 6 15 2
@  56 7 11 2
@  57 7 13 2
@  58 7 15 2
@  59 7 16 2
@  60 7 25 2
@  61 7 35 2
@  62 7 38 2
@  63 8 18 2
@  64 8 24 2
@  65 8 25 2
@  66 8 34 2
@  67 8 35 2
@  68 8 36 2
@  69 8 37 2
@  70 8 38 2
@  71 9 11 2
@  72 9 15 2
@  73 9 18 2
@  74 9 20 2
@  75 9 28 2
@  76 9 30 2
@  77 9 32 2
@  78 9 34 2
@  79 9 38 2
@  80 9 14 2
@  81 10 19 2
@  82 10 27 2
@  83 10 29 2
@  84 10 32 2
@  85 10 33 2
@  86 10 35 2
@  87 10 36 2
@  88 10 39 2
@  89 11 16 2
@  90 11 17 2
@  91 11 20 2
@  92 11 26 2
@  93 11 32 2
@  94 11 35 2
@  95 11 38 2
@  96 12 14 2
@  97 12 18 2
@  98 12 23 2
@  99 12 29 2
@  100 13 18 2
@  101 13 26 2
@  102 13 39 2
@  103 14 17 2
@  104 14 19 2
@  105 14 29 2
@  106 14 30 2
@  107 14 33 2
@  108 14 34 2
@  109 14 36 2
@  110 14 32 2
@  111 15 20 2
@  112 15 23 2
@  113 15 25 2
@  114 15 32 2
@  115 15 38 2
@  116 15 39 2
@  117 15 31 2
@  118 16 23 2
@  119 16 24 2
@  120 16 27 2
@  121 16 29 2
@  122 16 39 2
@  123 17 28 2
@  124 17 39 2
@  125 18 20 2
@  126 18 29 2
@  127 18 31 2
@  128 19 20 2
@  129 19 21 2
@  130 19 34 2
@  131 19 38 2
@  132 19 39 2
@  133 20 30 2
@  134 20 33 2
@  135 21 27 2
@  136 21 29 2
@  137 21 34 2
@  138 21 36 2
@  139 22 26 2
@  140 22 39 2
@  141 23 28 2
@  142 23 30 2
@  143 23 39 2
@  144 24 27 2
@  145 24 38 2
@  146 25 26 2
@  147 25 33 2
@  148 25 35 2
@  149 25 37 2
@  150 25 38 2
@  151 27 30 2
@  152 27 32 2
@  153 27 36 2
@  154 28 32 2
@  155 28 36 2
@  156 29 34 2
@  157 29 36 2
@  158 29 39 2
@  159 32 37 2
@  160 33 35 2
@  161 36 37 2
@  162 37 38 2
#
@  0 0 3 2
@  1 0 9 2
@  2 0 10 2
@  3 0 13 2
@  4 0 17 2
@  5 0 22 2
@  6 0 28 2
@  7 0 32 2
@  8 0 34 2
@  9 1 4 2
@  10 1 13 2
@  11 1 20 2
@  12 1 27 2
@  13 1 35 2
@  14 2 5 2
@  15 2 8 2
@  16 2 9 2
@  17 2 12 2
@  18 2 13 2
@  19 2 24 2
@  20 2 29 2
@  21 2 32 2
@  22 3 5 2
@  23 3 6 2
@  24 3 8 2
@  25 3 9 2
@  26 3 15 2
@  27 3 31 2
@  28 3 32 2
@  29 3 35 2
@  30 3 37 2
@  31 3 38 2
@  32 4 6 2
@  33 4 7 2
@  34 4 11 2
@  35 4 13 2
@  36 4 14 2
@  37 4 16 2
@  38 4 17 2
@  39 4 26 2
@  40 4 27 2
@  41 4 31 2
@  42 4 36 2
@  43 5 7 2
@  44 5 10 2
@  45 5 11 2
@  46 5 26 2
@  47 5 27 2
@  48 5 36 2
@  49 5 37 2
@  50 5 34 2
@  51 6 10 2
@  52 6 18 2
@  53 6 21 2
@  54 6 24 2
@  55 6 25 2
@  56 6 28 2
@  57 7 11 2
@  58 7 13 2
@  59 7 15 2
@  60 7 16 2
@  61 7 25 2
@  62 7 35 2
@  63 7 38 2
@  64 7 19 2
@  65 8 18 2
@  66 8 24 2
@  67 8 25 2
@  68 8 34 2
@  69 8 35 2
@  70 8 36 2
@  71 8 37 2
@  72 8 38 2
@  73 9 11 2
@  74 9 15 2
@  75 9 18 2
@  76 9 20 2
@  77 9 28 2
@  78 9 30 2
@  79 9 32 2
@  80 9 34 2
@  81 9 38 2
@  82 10 19 2
@  83 10 27 2
@  84 10 29 2
@  85 10 32 2
@  86 10 33 2
@  87 10 35 2
@  88 10 36 2
@  89 10 39 2
@  90 11 16 2
@  91 11 17 2
@  92 11 20 2
@  93 11 26 2
@  94 11 32 2
@  95 11 35 2
@  96 11 38 2
@  97 12 14 2
@  98 12 18 2
@  99 12 23 2
@  100 12 29 2
@  101 13 18 2
@  102 13 26 2
@  103 13 39 2
@  104 14 17 2
@  105 14 19 2
@  106 14 29 2
@  107 14 30 2
@  108 14 33 2
@  109 14 34 2
@  110 14 36 2
@  111 15 20 2
@  112 15 23 2
@  113 15 25 2
@  114 15 32 2
@  115 15 38 2
@  116 15 39 2
@  117 16 23 2
@  118 16 24 2
@  119 16 27 2
@  120 16 29 2
@  121 16 39 2
@  122 16 31 2
@  123 17 28 2
@  124 17 39 2
@  125 18 20 2
@  126 18 29 2
@  127 18 31 2
@  128 18 19 2
@  129 19 20 2
@  130 19 21 2
@  131 19 34 2
@  132 19 38 2
@  133 19 39 2
@  134 20 30 2
@  135 20 33 2
@  136 20 20 2
@  137 21 27 2
@  138 21 29 2
@  139 21 34 2
@  140 21 36 2
@  141 22 26 2
@  142 22 39 2
@  143 23 28 2
@  144 23 30 2
@  145 23 39 2
@  146 24 27 2
@  147 24 38 2
@  148 25 26 2
@  149 25 33 2
@  150 25 35 2
@  151 25 37 2
@  152 25 38 2
@  153 25 34 2
@  154 27 30 2
@  155 27 32 2
@  156 27 36 2
@  157 28 32 2
@  158 28 36 2
@  159 29 34 2
@  160 29 36 2
@  161 29 39 2
@  162 32 37 2
@  163 33 35 2
@  164 34 39 2
@  165 36 37 2
@  166 37 38 2
#
@  0 0 3 2
@  1 0 9 2
@  2 0 10 2
@  3 0 13 2
@  4 0 17 2
@  5 0 22 2
@  6 0 28 2
@  7 0 32 2
@  8 0 34 2
@  9 1 4 2
@  10 1 13 2
@  11 1 20 2
@  12 1 27 2
@  13 1 35 2
@  14 2 5 2
@  15 2 8 2
@  16 2 9 2
@  17 2 12 2
@  18 2 13 2
@  19 2 24 2
@  20 2 29 2
@  21 2 22 2
@  22 3 5 2
@  23 3 6 2
@  24 3 8 2
@  25 3 9 2
@  26 3 15 2
@  27 3 31 2
@  28 3 32 2
@  29 3 35 2
@  30 3 37 2
@  31 3 38 2
@  32 4 6 2
@  33 4 7 2
@  34 4 11 2
@  35 4 13 2
@  36 4 14 2
@  37 4 16 2
@  38 4 17 2
@  39 4 26 2
@  40 4 27 2
@  41 4 31 2
@  42 4 36 2
@  43 5 7 2
@  44 5 10 2
@  45 5 11 2
@  46 5 26 2
@  47 5 27 2
@  48 5 36 2
@  49 5 37 2
@  50 6 10 2
@  51 6 18 2
@  52 6 21 2
@  53 6 24 2
@  54 6 25 2
@  55 6 28 2
@  56 7 11 2
@  57 7 13 2
@  58 7 15 2
@  59 7 16 2
@  60 7 25 2
@  61 7 35 2
@  62 7 38 2
@  63 8 18 2
@  64 8 24 2
@  65 8 25 2
@  66 8 34 2
@  67 8 35 2
@  68 8 36 2
@  69 8 37 2
@  70 8 38 2
@  71 8 13 2
@  72 9 11 2
@  73 9 15 2
@  74 9 18 2
@  75 9 20 2
@  76 9 28 2
@  77 9 30 2
@  78 9 32 2
@  79 9 34 2
@  80 9 38 2
@  81 10 19 2
@  82 10 27 2
@  83 10 29 2
@  84 10 32 2
@  85 10 33 2
@  86 10 35 2
@  87 10 36 2
@  88 10 39 2
@  89 11 16 2
@  90 11 17 2
@  91 11 20 2
@  92 11 26 2
@  93 11 32 2
@  94 11 35 2
@  95 11 38 2
@  96 11 12 2
@  97 12 14 2
@  98 12 18 2
@  99 12 23 2
@  100 12 29 2
@  101 13 18 2
@  102 13 26 2
@  103 13 39 2
@  104 13 31 2
@  105 14 17 2
@  106 14 19 2
@  107 14 29 2
@  108 14 30 2
@  109 14 33 2
@  110 14 34 2
@  111 14 36 2
@  112 15 20 2
@  113 15 23 2
@  114 15 25 2
@  115 15 32 2
@  116 15 38 2
@  117 15 39 2
@  118 16 23 2
@  119 16 24 2
@  120 16 27 2
@  121 16 29 2
@  122 16 39 2
@  123 17 28 2
@  124 17 39 2
@  125 18 20 2
@  126 18 29 2
@  127 18 31 2
@  128 18 37 2
@  129 19 20 2
@  130 19 21 2
@  131 19 34 2
@  132 19 38 2
@  133 19 39 2
@  134 20 30 2
@  135 20 33 2
@  136 21 27 2
@  137 21 29 2
@  138 21 34 2
@  139 21 36 2
@  140 22 26 2
@  141 22 39 2
@  142 23 28 2
@  143 23 30 2
@  144 23 39 2
@  145 24 27 2
@  146 24 38 2
@  147 25 26 2
@  148 25 33 2
@  149 25 35 2
@  150 25 37 2
@  151 25 38 2
@  152 25 30 2
@  153 26 33 2
@  154 27 30 2
@  155 27 32 2
@  156 27 36 2
@  157 28 32 2
@  158 28 36 2
@  159 29 34 2
@  160 29 36 2
@  161 29 39 2
@  162 29 38 2
@  163 30 38 2
@  164 32 37 2
@  165 33 35 2
@  166 36 37 2
@  167 37 38 2
#
