@  0 0 8 2
@  1 0 16 2
@  2 0 17 2
@  3 0 20 2
@  4 0 23 2
@  5 0 26 2
@  6 0 29 2
@  7 0 30 2
@  8 0 31 2
@  9 0 32 2
@  10 0 33 2
@  11 0 36 2
@  12 0 39 2
@  13 0 40 2
@  14 0 41 2
@  15 0 42 2
@  16 0 43 2
@  17 1 3 2
@  18 1 10 2
@  19 1 19 2
@  20 1 24 2
@  21 1 31 2
@  22 1 36 2
@  23 2 6 2
@  24 2 9 2
@  25 2 12 2
@  26 2 13 2
@  27 2 15 2
@  28 2 18 2
@  29 2 21 2
@  30 2 24 2
@  31 2 29 2
@  32 2 31 2
@  33 2 35 2
@  34 2 38 2
@  35 2 39 2
@  36 3 4 2
@  37 3 12 2
@  38 3 13 2
@  39 3 20 2
@  40 3 34 2
@  41 3 43 2
@  42 4 6 2
@  43 4 7 2
@  44 4 12 2
@  45 4 16 2
@  46 4 19 2
@  47 4 29 2
@  48 4 30 2
@  49 4 40 2
@  50 4 42 2
@  51 4 43 2
@  52 5 6 2
@  53 5 15 2
@  54 5 18 2
@  55 5 25 2
@  56 5 27 2
@  57 5 34 2
@  58 5 35 2
@  59 5 36 2
@  60 5 38 2
@  61 5 39 2
@  62 5 44 2
@  63 5 33 2
@  64 6 12 2
@  65 6 13 2
@  66 6 16 2
@  67 6 17 2
@  68 6 18 2
@  69 6 32 2
@  70 6 33 2
@  71 6 34 2
@  72 7 23 2
@  73 7 26 2
@  74 7 28 2
@  75 7 33 2
@  76 7 34 2
@  77 8 15 2
@  78 8 19 2
@  79 8 22 2
@  80 8 24 2
@  81 8 25 2
@  82 8 27 2
@  83 8 30 2
@  84 8 33 2
@  85 8 40 2
@  86 8 16 2
@  87 9 10 2
@  88 9 14 2
@  89 9 16 2
@  90 9 17 2
@  91 9 20 2
@  92 9 23 2
@  93 9 24 2
@  94 9 32 2
@  95 9 35 2
@  96 9 37 2
@  97 10 15 2
@  98 10 16 2
@  99 10 18 2
@  100 10 25 2
@  101 10 37 2
@  102 10 38 2
@  103 11 17 2
@  104 11 24 2
@  105 11 33 2
@  106 11 34 2
@  107 11 35 2
@  108 11 38 2
@  109 11 40 2
@  110 12 13 2
@  111 12 15 2
@  112 12 16 2
@  113 12 22 2
@  114 12 23 2
@  115 12 28 2
@  116 12 32 2
@  117 12 42 2
@  118 12 44 2
@  119 13 14 2
@  120 13 15 2
@  121 13 20 2
@  122 13 22 2
@  123 13 34 2
@  124 14 29 2
@  125 14 33 2
@  126 14 36 2
@  127 14 38 2
@  128 14 43 2
@  129 14 32 2
@  130 15 21 2
@  131 15 30 2
@  132 15 36 2
@  133 15 37 2
@  134 16 18 2
@  135 16 21 2
@  136 16 25 2
@  137 16 28 2
@  138 16 29 2
@  139 16 35 2
@  140 16 38 2
@  141 16 39 2
@  142 17 23 2
@  143 17 25 2
@  144 17 29 2
@  145 17 30 2
@  146 17 32 2
@  147 17 35 2
@  148 17 42 2
@  149 17 43 2
@  150 18 22 2
@  151 18 23 2
@  152 18 24 2
@  153 18 27 2
@  154 18 31 2
@  155 18 36 2
@  156 18 39 2
@  157 19 21 2
@  158 19 28 2
@  159 19 32 2
@  160 19 41 2
@  161 19 43 2
@  162 20 26 2
@  163 20 34 2
@  164 20 38 2
@  165 21 22 2
@  166 21 27 2
@  167 21 32 2
@  168 21 31 2
@  169 22 23 2
@  170 22 29 2
@  171 22 34 2
@  172 22 35 2
@  173 22 36 2
@  174 23 24 2
@  175 23 27 2
@  176 23 31 2
@  177 23 32 2
@  178 23 42 2
@  179 23 44 2
@  180 24 31 2
@  181 24 42 2
@  182 24 43 2
@  183 25 29 2
@  184 25 30 2
@  185 25 34 2
@  186 26 28 2
@  187 26 29 2
@  188 26 32 2
@  189 26 36 2
@  190 26 38 2
@  191 26 43 2
@  192 27 30 2
@  193 27 37 2
@  194 27 41 2
@  195 28 30 2
@  196 28 38 2
@  197 28 39 2
@  198 28 40 2
@  199 29 32 2
@  200 29 40 2
@  201 30 35 2
@  202 31 42 2
@  203 32 44 2
@  204 34 41 2
@  205 34 42 2
@  206 35 37 2
@  207 35 43 2
@  208 35 44 2
@  209 36 40 2
@  210 36 44 2
@  211 38 40 2
@  212 38 41 2
@  213 39 42 2
@  214 39 44 2
#
@  0 0 8 2
@  1 0 16 2
@  2 0 17 2
@  3 0 20 2
@  4 0 23 2
@  5 0 26 2
@  6 0 29 2
@  7 0 30 2
@  8 0 31 2
@  9 0 32 2
@  10 0 33 2
@  11 0 36 2
@  12 0 39 2
@  13 0 40 2
@  14 0 41 2
@  15 0 42 2
@  16 0 43 2
@  17 1 3 2
@  18 1 10 2
@  19 1 19 2
@  20 1 24 2
@  21 1 31 2
@  22 1 36 2
@  23 2 6 2
@  24 2 9 2
@  25 2 12 2
@  26 2 13 2
@  27 2 15 2
@  28 2 18 2
@  29 2 21 2
@  30 2 24 2
@  31 2 29 2
@  32 2 31 2
@  33 2 35 2
@  34 2 38 2
@  35 2 39 2
@  36 3 4 2
@  37 3 12 2
@  38 3 13 2
@  39 3 20 2
@  40 3 34 2
@  41 3 43 2
@  42 3 7 2
@  43 3 16 2
@  44 4 6 2
@  45 4 7 2
@  46 4 12 2
@  47 4 16 2
@  48 4 19 2
@  49 4 29 2
@  50 4 30 2
@  51 4 40 2
@  52 4 42 2
@  53 4 43 2
@  54 5 6 2
@  55 5 15 2
@  56 5 18 2
@  57 5 25 2
@  58 5 27 2
@  59 5 34 2
@  60 5 35 2
@  61 5 36 2
@  62 5 38 2
@  63 5 39 2
@  64 5 44 2
@  65 6 12 2
@  66 6 13 2
@  67 6 16 2
@  68 6 17 2
@  69 6 18 2
@  70 6 32 2
@  71 6 33 2
@  72 6 34 2
@  73 7 23 2
@  74 7 26 2
@  75 7 28 2
@  76 7 33 2
@  77 8 15 2
@  78 8 19 2
@  79 8 22 2
@  80 8 24 2
@  81 8 25 2
@  82 8 27 2
@  83 8 30 2
@  84 8 33 2
@  85 8 40 2
@  86 9 10 2
@  87 9 14 2
@  88 9 16 2
@  89 9 17 2
@  90 9 20 2
@  91 9 23 2
@  92 9 24 2
@  93 9 32 2
@  94 9 35 2
@  95 9 37 2
@  96 10 15 2
@  97 10 16 2
@  98 10 18 2
@  99 10 25 2
@  100 10 37 2
@  101 10 38 2
@  102 10 43 2
@  103 11 17 2
@  104 11 24 2
@  105 11 33 2
@  106 11 34 2
@  107 11 35 2
@  108 11 38 2
@  109 11 40 2
@  110 12 13 2
@  111 12 15 2
@  112 12 16 2
@  113 12 22 2
@  114 12 23 2
@  115 12 28 2
@  116 12 32 2
@  117 12 42 2
@  118 12 44 2
@  119 12 19 2
@  120 13 14 2
@  121 13 15 2
@  122 13 20 2
@  123 13 22 2
@  124 13 34 2
@  125 14 29 2
@  126 14 33 2
@  127 14 36 2
@  128 14 38 2
@  129 14 43 2
@  130 15 21 2
@  131 15 30 2
@  132 15 36 2
@  133 15 37 2
@  134 16 18 2
@  135 16 21 2
@  136 16 25 2
@  137 16 28 2
@  138 16 29 2
@  139 16 35 2
@  140 16 38 2
@  141 16 39 2
@  142 17 23 2
@  143 17 25 2
@  144 17 29 2
@  145 17 30 2
@  146 17 32 2
@  147 17 35 2
@  148 17 42 2
@  149 17 43 2
@  150 18 22 2
@  151 18 23 2
@  152 18 24 2
@  153 18 27 2
@  154 18 31 2
@  155 18 36 2
@  156 19 21 2
@  157 19 28 2
@  158 19 32 2
@  159 19 41 2
@  160 19 43 2
@  161 20 26 2
@  162 20 34 2
@  163 20 38 2
@  164 21 22 2
@  165 21 27 2
@  166 21 32 2
@  167 22 23 2
@  168 22 29 2
@  169 22 34 2
@  170 22 35 2
@  171 22 36 2
@  172 23 24 2
@  173 23 27 2
@  174 23 31 2
@  175 23 32 2
@  176 23 42 2
@  177 24 31 2
@  178 24 42 2
@  179 24 43 2
@  180 25 29 2
@  181 25 30 2
@  182 25 34 2
@  183 26 28 2
@  184 26 29 2
@  185 26 32 2
@  186 26 36 2
@  187 26 38 2
@  188 26 43 2
@  189 27 30 2
@  190 27 37 2
@  191 27 41 2
@  192 28 30 2
@  193 28 38 2
@  194 28 39 2
@  195 28 40 2
@  196 29 32 2
@  197 29 40 2
@  198 30 35 2
@  199 30 40 2
@  200 31 42 2
@  201 32 44 2
@  202 34 41 2
@  203 34 42 2
@  204 35 37 2
@  205 35 43 2
@  206 35 44 2
@  207 36 40 2
@  208 36 44 2
@  209 38 40 2
@  210 38 41 2
@  211 39 42 2
@  212 39 44 2
@  213 44 44 2
#
@  0 0 8 2
@  1 0 16 2
@  2 0 17 2
@  3 0 20 2
@  4 0 23 2
@  5 0 26 2
@  6 0 29 2
@  7 0 30 2
@  8 0 31 2
@  9 0 32 2
@  10 0 33 2
@  11 0 36 2
@  12 0 39 2
@  13 0 40 2
@  14 0 41 2
@  15 0 42 2
@  16 0 43 2
@  17 1 3 2
@  18 1 10 2
@  19 1 19 2
@  20 1 24 2
@  21 1 31 2
@  22 1 36 2
@  23 2 6 2
@  24 2 9 2
@  25 2 12 2
@  26 2 13 2
@  27 2 15 2
@  28 2 18 2
@  29 2 21 2
@  30 2 24 2
@  31 2 29 2
@  32 2 31 2
@  33 2 35 2
@  34 2 38 2
@  35 2 39 2
@  36 3 4 2
@  37 3 12 2
@  38 3 13 2
@  39 3 20 2
@  40 3 34 2
@  41 3 43 2
@  42 3 21 2
@  43 4 6 2
@  44 4 7 2
@  45 4 12 2
@  46 4 16 2
@  47 4 19 2
@  48 4 29 2
@  49 4 30 2
@  50 4 40 2
@  51 4 42 2
@  52 4 43 2
@  53 5 6 2
@  54 5 15 2
@  55 5 18 2
@  56 5 25 2
@  57 5 27 2
@  58 5 34 2
@  59 5 35 2
@  60 5 36 2
@  61 5 38 2
@  62 5 39 2
@  63 5 44 2
@  64 6 12 2
@  65 6 13 2
@  66 6 16 2
@  67 6 17 2
@  68 6 18 2
@  69 6 32 2
@  70 6 33 2
@  71 6 34 2
@  72 7 23 2
@  73 7 26 2
@  74 7 28 2
@  75 7 33 2
@  76 8 15 2
@  77 8 19 2
@  78 8 22 2
@  79 8 24 2
@  80 8 25 2
@  81 8 27 2
@  82 8 30 2
@  83 8 33 2
@  84 8 40 2
@  85 9 10 2
@  86 9 14 2
@  87 9 16 2
@  88 9 17 2
@  89 9 20 2
@  90 9 23 2
@  91 9 24 2
@  92 9 32 2
@  93 9 35 2
@  94 9 37 2
@  95 10 15 2
@  96 10 16 2
@  97 10 18 2
@  98 10 25 2
@  99 10 37 2
@  100 10 38 2
@  101 11 17 2
@  102 11 24 2
@  103 11 33 2
@  104 11 34 2
@  105 11 35 2
@  106 11 38 2
@  107 11 40 2
@  108 12 13 2
@  109 12 15 2
@  110 12 16 2
@  111 12 22 2
@  112 12 23 2
@  113 12 28 2
@  114 12 32 2
@  115 12 42 2
@  116 12 44 2
@  117 13 14 2
@  118 13 15 2
@  119 13 20 2
@  120 13 22 2
@  121 13 34 2
@  122 13 29 2
@  123 14 29 2
@  124 14 33 2
@  125 14 36 2
@  126 14 38 2
@  127 14 43 2
@  128 15 21 2
@  129 15 30 2
@  130 15 36 2
@  131 15 37 2
@  132 16 18 2
@  133 16 21 2
@  134 16 25 2
@  135 16 28 2
@  136 16 29 2
@  137 16 35 2
@  138 16 38 2
@  139 16 39 2
@  140 16 27 2
@  141 17 23 2
@  142 17 25 2
@  143 17 29 2
@  144 17 30 2
@  145 17 32 2
@  146 17 35 2
@  147 17 42 2
@  148 17 43 2
@  149 18 22 2
@  150 18 23 2
@  151 18 24 2
@  152 18 27 2
@  153 18 31 2
@  154 18 36 2
@  155 19 21 2
@  156 19 28 2
@  157 19 32 2
@  158 19 41 2
@  159 19 43 2
@  160 20 26 2
@  161 20 34 2
@  162 20 38 2
@  163 21 22 2
@  164 21 27 2
@  165 21 32 2
@  166 22 23 2
@  167 22 29 2
@  168 22 34 2
@  169 22 35 2
@  170 22 36 2
@  171 23 24 2
@  172 23 27 2
@  173 23 31 2
@  174 23 32 2
@  175 23 42 2
@  176 24 31 2
@  177 24 42 2
@  178 24 43 2
@  179 25 29 2
@  180 25 30 2
@  181 25 34 2
@  182 26 28 2
@  183 26 29 2
@  184 26 32 2
@  185 26 36 2
@  186 26 38 2
@  187 26 43 2
@  188 27 30 2
@  189 27 37 2
@  190 27 41 2
@  191 28 30 2
@  192 28 38 2
@  193 28 39 2
@  194 28 40 2
@  195 29 32 2
@  196 29 40 2
@  197 30 35 2
@  198 30 38 2
@  199 31 42 2
@  200 32 44 2
@  201 34 41 2
@  202 34 42 2
@  203 35 37 2
@  204 35 43 2
@  205 35 44 2
@  206 36 40 2
@  207 36 44 2
@  208 38 40 2
@  209 38 41 2
@  210 39 42 2
@  211 39 44 2
#
