@  0 0 1 2
@  1 0 15 2
@  2 0 18 2
@  3 0 19 2
@  4 0 20 2
@  5 0 23 2
@  6 0 24 2
@  7 0 29 2
@  8 0 43 2
@  9 0 45 2
@  10 0 46 2
@  11 0 49 2
@  12 1 3 2
@  13 1 4 2
@  14 1 6 2
@  15 1 7 2
@  16 1 8 2
@  17 1 9 2
@  18 1 11 2
@  19 1 17 2
@  20 1 46 2
@  21 1 35 2
@  22 1 5 2
@  23 1 15 2
@  24 2 9 2
@  25 2 11 2
@  26 2 12 2
@  27 2 21 2
@  28 2 23 2
@  29 2 31 2
@  30 2 36 2
@  31 2 39 2
@  32 2 41 2
@  33 2 42 2
@  34 2 45 2
@  35 2 49 2
@  36 2 47 2
@  37 3 8 2
@  38 3 11 2
@  39 3 17 2
@  40 3 18 2
@  41 3 20 2
@  42 3 27 2
@  43 3 33 2
@  44 3 35 2
@  45 3 37 2
@  46 3 47 2
@  47 4 5 2
@  48 4 12 2
@  49 4 16 2
@  50 4 23 2
@  51 4 24 2
@  52 4 25 2
@  53 4 26 2
@  54 4 31 2
@  55 4 36 2
@  56 4 46 2
@  57 5 6 2
@  58 5 7 2
@  59 5 14 2
@  60 5 19 2
@  61 5 21 2
@  62 5 27 2
@  63 5 28 2
@  64 5 30 2
@  65 5 36 2
@  66 5 41 2
@  67 5 42 2
@  68 6 20 2
@  69 6 23 2
@  70 6 31 2
@  71 6 32 2
@  72 6 35 2
@  73 6 36 2
@  74 6 42 2
@  75 6 43 2
@  76 6 46 2
@  77 6 49 2
@  78 7 12 2
@  79 7 16 2
@  80 7 17 2
@  81 7 18 2
@  82 7 19 2
@  83 7 21 2
@  84 7 22 2
@  85 7 25 2
@  86 7 28 2
@  87 7 30 2
@  88 7 35 2
@  89 7 43 2
@  90 8 13 2
@  91 8 14 2
@  92 8 15 2
@  93 8 19 2
@  94 8 25 2
@  95 8 26 2
@  96 8 37 2
@  97 8 38 2
@  98 8 40 2
@  99 8 42 2
@  100 8 34 2
@  101 9 10 2
@  102 9 15 2
@  103 9 22 2
@  104 9 24 2
@  105 9 25 2
@  106 9 36 2
@  107 9 38 2
@  108 9 43 2
@  109 9 45 2
@  110 10 12 2
@  111 10 15 2
@  112 10 31 2
@  113 10 40 2
@  114 11 12 2
@  115 11 24 2
@  116 11 25 2
@  117 11 27 2
@  118 11 36 2
@  119 11 44 2
@  120 11 46 2
@  121 11 47 2
@  122 11 49 2
@  123 11 11 2
@  124 12 26 2
@  125 12 30 2
@  126 12 32 2
@  127 12 35 2
@  128 12 40 2
@  129 12 46 2
@  130 12 48 2
@  131 13 14 2
@  132 13 17 2
@  133 13 18 2
@  134 13 19 2
@  135 13 20 2
@  136 13 21 2
@  137 13 28 2
@  138 13 29 2
@  139 13 36 2
@  140 13 39 2
@  141 13 42 2
@  142 14 18 2
@  143 14 22 2
@  144 14 23 2
@  145 14 28 2
@  146 14 30 2
@  147 14 32 2
@  148 14 36 2
@  149 14 42 2
@  150 14 46 2
@  151 15 22 2
@  152 15 25 2
@  153 15 33 2
@  154 15 34 2
@  155 15 35 2
@  156 16 18 2
@  157 16 21 2
@  158 16 38 2
@  159 16 40 2
@  160 16 47 2
@  161 16 48 2
@  162 16 45 2
@  163 17 21 2
@  164 17 26 2
@  165 17 28 2
@  166 17 32 2
@  167 17 36 2
@  168 17 46 2
@  169 17 48 2
@  170 18 19 2
@  171 18 26 2
@  172 18 31 2
@  173 18 38 2
@  174 18 44 2
@  175 18 45 2
@  176 19 25 2
@  177 19 29 2
@  178 19 49 2
@  179 20 36 2
@  180 20 44 2
@  181 20 45 2
@  182 20 48 2
@  183 20 49 2
@  184 21 34 2
@  185 21 49 2
@  186 22 39 2
@  187 22 41 2
@  188 22 44 2
@  189 22 47 2
@  190 22 49 2
@  191 22 28 2
@  192 23 28 2
@  193 23 29 2
@  194 23 31 2
@  195 23 32 2
@  196 23 38 2
@  197 23 42 2
@  198 23 49 2
@  199 24 26 2
@  200 24 31 2
@  201 24 36 2
@  202 24 39 2
@  203 24 44 2
@  204 25 28 2
@  205 25 30 2
@  206 25 39 2
@  207 25 44 2
@  208 25 32 2
@  209 26 32 2
@  210 26 43 2
@  211 27 33 2
@  212 27 41 2
@  213 27 45 2
@  214 27 46 2
@  215 28 34 2
@  216 28 35 2
@  217 28 36 2
@  218 28 42 2
@  219 29 32 2
@  220 29 33 2
@  221 29 46 2
@  222 29 47 2
@  223 29 48 2
@  224 29 37 2
@  225 30 31 2
@  226 30 34 2
@  227 30 35 2
@  228 30 37 2
@  229 30 44 2
@  230 30 45 2
@  231 30 46 2
@  232 30 48 2
@  233 30 49 2
@  234 31 32 2
@  235 31 34 2
@  236 31 35 2
@  237 31 37 2
@  238 31 38 2
@  239 31 48 2
@  240 31 49 2
@  241 32 36 2
@  242 32 45 2
@  243 32 47 2
@  244 32 48 2
@  245 33 39 2
@  246 33 49 2
@  247 34 43 2
@  248 34 49 2
@  249 35 44 2
@  250 35 48 2
@  251 36 37 2
@  252 36 40 2
@  253 36 45 2
@  254 36 47 2
@  255 38 42 2
@  256 38 46 2
@  257 39 41 2
@  258 39 42 2
@  259 39 47 2
@  260 40 46 2
@  261 40 48 2
@  262 41 43 2
@  263 41 46 2
@  264 41 49 2
@  265 42 43 2
@  266 42 47 2
@  267 43 49 2
@  268 45 46 2
@  269 45 47 2
@  270 47 48 2
#
@  0 0 1 2
@  1 0 15 2
@  2 0 18 2
@  3 0 19 2
@  4 0 20 2
@  5 0 23 2
@  6 0 24 2
@  7 0 29 2
@  8 0 43 2
@  9 0 45 2
@  10 0 46 2
@  11 0 49 2
@  12 1 3 2
@  13 1 4 2
@  14 1 6 2
@  15 1 7 2
@  16 1 8 2
@  17 1 9 2
@  18 1 11 2
@  19 1 17 2
@  20 1 46 2
@  21 1 28 2
@  22 2 9 2
@  23 2 11 2
@  24 2 12 2
@  25 2 21 2
@  26 2 23 2
@  27 2 31 2
@  28 2 36 2
@  29 2 39 2
@  30 2 41 2
@  31 2 42 2
@  32 2 45 2
@  33 2 49 2
@  34 3 8 2
@  35 3 11 2
@  36 3 17 2
@  37 3 18 2
@  38 3 20 2
@  39 3 27 2
@  40 3 33 2
@  41 3 35 2
@  42 3 37 2
@  43 3 47 2
@  44 4 5 2
@  45 4 12 2
@  46 4 16 2
@  47 4 23 2
@  48 4 24 2
@  49 4 25 2
@  50 4 26 2
@  51 4 31 2
@  52 4 36 2
@  53 4 46 2
@  54 4 17 2
@  55 5 6 2
@  56 5 7 2
@  57 5 14 2
@  58 5 19 2
@  59 5 21 2
@  60 5 27 2
@  61 5 28 2
@  62 5 30 2
@  63 5 36 2
@  64 5 41 2
@  65 5 42 2
@  66 6 20 2
@  67 6 23 2
@  68 6 31 2
@  69 6 32 2
@  70 6 35 2
@  71 6 36 2
@  72 6 42 2
@  73 6 43 2
@  74 6 46 2
@  75 6 49 2
@  76 7 12 2
@  77 7 16 2
@  78 7 17 2
@  79 7 18 2
@  80 7 19 2
@  81 7 21 2
@  82 7 22 2
@  83 7 25 2
@  84 7 28 2
@  85 7 30 2
@  86 7 35 2
@  87 7 43 2
@  88 8 13 2
@  89 8 14 2
@  90 8 15 2
@  91 8 19 2
@  92 8 25 2
@  93 8 26 2
@  94 8 37 2
@  95 8 38 2
@  96 8 40 2
@  97 8 42 2
@  98 9 10 2
@  99 9 15 2
@  100 9 22 2
@  101 9 24 2
@  102 9 25 2
@  103 9 36 2
@  104 9 38 2
@  105 9 43 2
@  106 9 45 2
@  107 10 12 2
@  108 10 15 2
@  109 10 31 2
@  110 10 40 2
@  111 10 24 2
@  112 11 12 2
@  113 11 24 2
@  114 11 25 2
@  115 11 27 2
@  116 11 36 2
@  117 11 44 2
@  118 11 46 2
@  119 11 47 2
@  120 11 49 2
@  121 12 26 2
@  122 12 30 2
@  123 12 32 2
@  124 12 35 2
@  125 12 40 2
@  126 12 46 2
@  127 12 48 2
@  128 12 22 2
@  129 13 14 2
@  130 13 17 2
@  131 13 18 2
@  132 13 19 2
@  133 13 20 2
@  134 13 21 2
@  135 13 28 2
@  136 13 29 2
@  137 13 36 2
@  138 13 39 2
@  139 13 42 2
@  140 14 18 2
@  141 14 22 2
@  142 14 23 2
@  143 14 28 2
@  144 14 30 2
@  145 14 32 2
@  146 14 36 2
@  147 14 42 2
@  148 14 46 2
@  149 15 22 2
@  150 15 25 2
@  151 15 33 2
@  152 15 34 2
@  153 15 35 2
@  154 16 18 2
@  155 16 21 2
@  156 16 38 2
@  157 16 40 2
@  158 16 47 2
@  159 16 48 2
@  160 17 21 2
@  161 17 26 2
@  162 17 28 2
@  163 17 32 2
@  164 17 36 2
@  165 17 46 2
@  166 17 48 2
@  167 18 19 2
@  168 18 26 2
@  169 18 31 2
@  170 18 38 2
@  171 18 44 2
@  172 18 45 2
@  173 18 49 2
@  174 19 25 2
@  175 19 29 2
@  176 19 49 2
@  177 20 36 2
@  178 20 44 2
@  179 20 45 2
@  180 20 48 2
@  181 20 49 2
@  182 21 34 2
@  183 21 49 2
@  184 22 39 2
@  185 22 41 2
@  186 22 44 2
@  187 22 47 2
@  188 22 49 2
@  189 23 28 2
@  190 23 29 2
@  191 23 31 2
@  192 23 32 2
@  193 23 38 2
@  194 23 42 2
@  195 23 49 2
@  196 24 26 2
@  197 24 31 2
@  198 24 36 2
@  199 24 39 2
@  200 24 44 2
@  201 24 29 2
@  202 25 28 2
@  203 25 30 2
@  204 25 39 2
@  205 25 44 2
@  206 26 32 2
@  207 26 43 2
@  208 27 33 2
@  209 27 41 2
@  210 27 45 2
@  211 27 46 2
@  212 28 34 2
@  213 28 35 2
@  214 28 36 2
@  215 28 42 2
@  216 29 32 2
@  217 29 33 2
@  218 29 46 2
@  219 29 47 2
@  220 29 48 2
@  221 30 31 2
@  222 30 34 2
@  223 30 35 2
@  224 30 37 2
@  225 30 44 2
@  226 30 45 2
@  227 30 46 2
@  228 30 48 2
@  229 31 32 2
@  230 31 34 2
@  231 31 35 2
@  232 31 37 2
@  233 31 38 2
@  234 31 48 2
@  235 31 49 2
@  236 32 36 2
@  237 32 45 2
@  238 32 47 2
@  239 32 48 2
@  240 33 39 2
@  241 33 49 2
@  242 33 46 2
@  243 34 43 2
@  244 34 49 2
@  245 35 44 2
@  246 35 48 2
@  247 35 47 2
@  248 36 37 2
@  249 36 40 2
@  250 36 45 2
@  251 36 47 2
@  252 38 42 2
@  253 38 46 2
@  254 38 47 2
@  255 39 41 2
@  256 39 42 2
@  257 39 47 2
@  258 40 46 2
@  259 41 43 2
@  260 41 46 2
@  261 41 49 2
@  262 42 43 2
@  263 42 47 2
@  264 43 49 2
@  265 45 46 2
@  266 47 48 2
#
@  0 0 1 2
@  1 0 15 2
@  2 0 18 2
@  3 0 19 2
@  4 0 20 2
@  5 0 23 2
@  6 0 24 2
@  7 0 29 2
@  8 0 43 2
@  9 0 45 2
@  10 0 46 2
@  11 0 49 2
@  12 1 3 2
@  13 1 4 2
@  14 1 6 2
@  15 1 7 2
@  16 1 8 2
@  17 1 9 2
@  18 1 11 2
@  19 1 17 2
@  20 1 46 2
@  21 2 9 2
@  22 2 11 2
@  23 2 12 2
@  24 2 21 2
@  25 2 23 2
@  26 2 31 2
@  27 2 36 2
@  28 2 39 2
@  29 2 41 2
@  30 2 42 2
@  31 2 45 2
@  32 2 49 2
@  33 2 47 2
@  34 3 8 2
@  35 3 11 2
@  36 3 17 2
@  37 3 18 2
@  38 3 20 2
@  39 3 27 2
@  40 3 33 2
@  41 3 35 2
@  42 3 37 2
@  43 3 47 2
@  44 3 26 2
@  45 4 5 2
@  46 4 12 2
@  47 4 16 2
@  48 4 23 2
@  49 4 24 2
@  50 4 25 2
@  51 4 26 2
@  52 4 31 2
@  53 4 36 2
@  54 4 46 2
@  55 4 20 2
@  56 4 43 2
@  57 5 6 2
@  58 5 7 2
@  59 5 14 2
@  60 5 19 2
@  61 5 21 2
@  62 5 27 2
@  63 5 28 2
@  64 5 30 2
@  65 5 36 2
@  66 5 41 2
@  67 5 42 2
@  68 6 20 2
@  69 6 23 2
@  70 6 31 2
@  71 6 32 2
@  72 6 35 2
@  73 6 36 2
@  74 6 42 2
@  75 6 43 2
@  76 6 46 2
@  77 6 49 2
@  78 7 12 2
@  79 7 16 2
@  80 7 17 2
@  81 7 18 2
@  82 7 19 2
@  83 7 21 2
@  84 7 22 2
@  85 7 25 2
@  86 7 28 2
@  87 7 30 2
@  88 7 35 2
@  89 7 43 2
@  90 8 13 2
@  91 8 14 2
@  92 8 15 2
@  93 8 19 2
@  94 8 25 2
@  95 8 26 2
@  96 8 37 2
@  97 8 38 2
@  98 8 40 2
@  99 8 42 2
@  100 9 10 2
@  101 9 15 2
@  102 9 22 2
@  103 9 24 2
@  104 9 25 2
@  105 9 36 2
@  106 9 38 2
@  107 9 43 2
@  108 9 45 2
@  109 10 12 2
@  110 10 15 2
@  111 10 31 2
@  112 10 40 2
@  113 11 12 2
@  114 11 24 2
@  115 11 25 2
@  116 11 27 2
@  117 11 36 2
@  118 11 44 2
@  119 11 46 2
@  120 11 47 2
@  121 11 49 2
@  122 11 15 2
@  123 12 26 2
@  124 12 30 2
@  125 12 32 2
@  126 12 35 2
@  127 12 40 2
@  128 12 46 2
@  129 12 48 2
@  130 13 14 2
@  131 13 17 2
@  132 13 18 2
@  133 13 19 2
@  134 13 20 2
@  135 13 21 2
@  136 13 28 2
@  137 13 29 2
@  138 13 36 2
@  139 13 39 2
@  140 13 42 2
@  141 14 18 2
@  142 14 22 2
@  143 14 23 2
@  144 14 28 2
@  145 14 30 2
@  146 14 32 2
@  147 14 36 2
@  148 14 42 2
@  149 14 46 2
@  150 14 38 2
@  151 15 22 2
@  152 15 25 2
@  153 15 33 2
@  154 15 34 2
@  155 15 35 2
@  156 16 18 2
@  157 16 21 2
@  158 16 38 2
@  159 16 40 2
@  160 16 47 2
@  161 16 48 2
@  162 17 21 2
@  163 17 26 2
@  164 17 28 2
@  165 17 32 2
@  166 17 36 2
@  167 17 46 2
@  168 17 48 2
@  169 18 19 2
@  170 18 26 2
@  171 18 31 2
@  172 18 38 2
@  173 18 44 2
@  174 18 45 2
@  175 19 25 2
@  176 19 29 2
@  177 19 49 2
@  178 20 36 2
@  179 20 44 2
@  180 20 45 2
@  181 20 48 2
@  182 20 49 2
@  183 21 34 2
@  184 21 49 2
@  185 22 39 2
@  186 22 41 2
@  187 22 44 2
@  188 22 47 2
@  189 22 49 2
@  190 23 28 2
@  191 23 29 2
@  192 23 31 2
@  193 23 32 2
@  194 23 38 2
@  195 23 42 2
@  196 23 49 2
@  197 24 26 2
@  198 24 31 2
@  199 24 36 2
@  200 24 39 2
@  201 24 44 2
@  202 25 28 2
@  203 25 30 2
@  204 25 39 2
@  205 25 44 2
@  206 26 32 2
@  207 26 43 2
@  208 27 33 2
@  209 27 41 2
@  210 27 45 2
@  211 27 46 2
@  212 27 34 2
@  213 28 34 2
@  214 28 35 2
@  215 28 36 2
@  216 28 42 2
@  217 29 32 2
@  218 29 33 2
@  219 29 46 2
@  220 29 47 2
@  221 29 48 2
@  222 30 31 2
@  223 30 34 2
@  224 30 35 2
@  225 30 37 2
@  226 30 44 2
@  227 30 45 2
@  228 30 46 2
@  229 30 48 2
@  230 30 39 2
@  231 31 32 2
@  232 31 34 2
@  233 31 35 2
@  234 31 37 2
@  235 31 38 2
@  236 31 48 2
@  237 31 49 2
@  238 32 36 2
@  239 32 45 2
@  240 32 47 2
@  241 32 48 2
@  242 33 39 2
@  243 33 49 2
@  244 34 43 2
@  245 34 49 2
@  246 35 44 2
@  247 35 48 2
@  248 36 37 2
@  249 36 40 2
@  250 36 45 2
@  251 36 47 2
@  252 38 42 2
@  253 38 46 2
@  254 39 41 2
@  255 39 42 2
@  256 39 47 2
@  257 40 46 2
@  258 41 43 2
@  259 41 46 2
@  260 41 49 2
@  261 42 43 2
@  262 42 47 2
@  263 43 49 2
@  264 45 46 2
@  265 47 48 2
#
