@  0 0 1 2
@  1 0 2 2
@  2 0 3 2
@  3 0 6 2
@  4 0 12 2
@  5 0 17 2
@  6 0 26 2
@  7 0 34 2
@  8 0 36 2
@  9 0 41 2
@  10 0 43 2
@  11 0 46 2
@  12 1 2 2
@  13 1 3 2
@  14 1 7 2
@  15 1 18 2
@  16 1 21 2
@  17 1 24 2
@  18 1 27 2
@  19 1 28 2
@  20 1 37 2
@  21 1 43 2
@  22 1 52 2
@  23 1 54 2
@  24 1 16 2
@  25 2 9 2
@  26 2 11 2
@  27 2 13 2
@  28 2 16 2
@  29 2 28 2
@  30 2 30 2
@  31 2 36 2
@  32 2 45 2
@  33 3 8 2
@  34 3 18 2
@  35 3 19 2
@  36 3 25 2
@  37 3 36 2
@  38 3 38 2
@  39 3 42 2
@  40 3 46 2
@  41 4 7 2
@  42 4 9 2
@  43 4 10 2
@  44 4 11 2
@  45 4 16 2
@  46 4 18 2
@  47 4 21 2
@  48 4 32 2
@  49 4 33 2
@  50 4 36 2
@  51 4 37 2
@  52 4 40 2
@  53 4 41 2
@  54 4 45 2
@  55 4 50 2
@  56 5 9 2
@  57 5 14 2
@  58 5 16 2
@  59 5 17 2
@  60 5 22 2
@  61 5 28 2
@  62 5 32 2
@  63 5 44 2
@  64 6 21 2
@  65 6 22 2
@  66 6 25 2
@  67 6 34 2
@  68 6 39 2
@  69 6 46 2
@  70 7 13 2
@  71 7 33 2
@  72 7 43 2
@  73 7 46 2
@  74 7 47 2
@  75 7 48 2
@  76 7 53 2
@  77 8 13 2
@  78 8 14 2
@  79 8 16 2
@  80 8 18 2
@  81 8 19 2
@  82 8 21 2
@  83 8 23 2
@  84 8 25 2
@  85 8 37 2
@  86 8 47 2
@  87 8 49 2
@  88 8 52 2
@  89 8 53 2
@  90 9 12 2
@  91 9 13 2
@  92 9 34 2
@  93 9 36 2
@  94 9 38 2
@  95 9 44 2
@  96 9 48 2
@  97 9 51 2
@  98 9 52 2
@  99 9 53 2
@  100 10 11 2
@  101 10 12 2
@  102 10 13 2
@  103 10 15 2
@  104 10 17 2
@  105 10 23 2
@  106 10 29 2
@  107 10 33 2
@  108 10 38 2
@  109 10 42 2
@  110 10 27 2
@  111 11 20 2
@  112 11 23 2
@  113 11 24 2
@  114 11 37 2
@  115 11 48 2
@  116 11 53 2
@  117 12 18 2
@  118 12 31 2
@  119 12 32 2
@  120 12 34 2
@  121 12 50 2
@  122 12 53 2
@  123 13 16 2
@  124 13 20 2
@  125 13 22 2
@  126 13 24 2
@  127 13 40 2
@  128 13 46 2
@  129 14 16 2
@  130 14 22 2
@  131 14 23 2
@  132 14 27 2
@  133 14 31 2
@  134 14 38 2
@  135 14 43 2
@  136 15 18 2
@  137 15 26 2
@  138 15 27 2
@  139 15 29 2
@  140 15 31 2
@  141 15 32 2
@  142 15 33 2
@  143 15 36 2
@  144 15 40 2
@  145 15 44 2
@  146 15 54 2
@  147 15 46 2
@  148 16 30 2
@  149 16 34 2
@  150 16 39 2
@  151 16 46 2
@  152 16 51 2
@  153 16 32 2
@  154 17 18 2
@  155 17 33 2
@  156 17 46 2
@  157 17 47 2
@  158 17 49 2
@  159 18 28 2
@  160 18 31 2
@  161 18 52 2
@  162 19 23 2
@  163 19 32 2
@  164 19 33 2
@  165 19 35 2
@  166 19 38 2
@  167 19 41 2
@  168 19 51 2
@  169 20 21 2
@  170 20 22 2
@  171 20 27 2
@  172 20 31 2
@  173 20 38 2
@  174 20 40 2
@  175 20 42 2
@  176 20 46 2
@  177 20 50 2
@  178 21 50 2
@  179 21 53 2
@  180 21 49 2
@  181 21 33 2
@  182 22 33 2
@  183 22 41 2
@  184 22 44 2
@  185 22 47 2
@  186 22 51 2
@  187 22 52 2
@  188 23 29 2
@  189 23 30 2
@  190 23 31 2
@  191 23 37 2
@  192 23 39 2
@  193 23 43 2
@  194 23 48 2
@  195 24 31 2
@  196 24 32 2
@  197 24 39 2
@  198 24 40 2
@  199 24 46 2
@  200 24 53 2
@  201 25 31 2
@  202 25 33 2
@  203 25 38 2
@  204 25 41 2
@  205 25 50 2
@  206 25 52 2
@  207 26 34 2
@  208 26 35 2
@  209 26 43 2
@  210 26 45 2
@  211 26 46 2
@  212 26 49 2
@  213 26 54 2
@  214 27 28 2
@  215 27 29 2
@  216 27 45 2
@  217 27 53 2
@  218 27 47 2
@  219 28 31 2
@  220 28 32 2
@  221 28 39 2
@  222 28 42 2
@  223 28 53 2
@  224 28 54 2
@  225 29 30 2
@  226 29 32 2
@  227 29 35 2
@  228 29 36 2
@  229 30 44 2
@  230 31 33 2
@  231 31 37 2
@  232 31 38 2
@  233 31 44 2
@  234 31 54 2
@  235 32 36 2
@  236 32 42 2
@  237 32 48 2
@  238 33 34 2
@  239 33 36 2
@  240 33 41 2
@  241 34 38 2
@  242 34 45 2
@  243 34 52 2
@  244 34 43 2
@  245 35 39 2
@  246 35 41 2
@  247 35 43 2
@  248 35 44 2
@  249 36 37 2
@  250 36 46 2
@  251 36 49 2
@  252 36 52 2
@  253 37 47 2
@  254 37 54 2
@  255 38 39 2
@  256 38 40 2
@  257 38 44 2
@  258 38 50 2
@  259 39 47 2
@  260 39 48 2
@  261 39 50 2
@  262 40 41 2
@  263 40 47 2
@  264 40 48 2
@  265 41 43 2
@  266 41 45 2
@  267 41 46 2
@  268 41 51 2
@  269 42 53 2
@  270 42 54 2
@  271 43 45 2
@  272 44 49 2
@  273 45 46 2
@  274 45 53 2
@  275 46 47 2
@  276 46 49 2
@  277 46 51 2
@  278 47 49 2
@  279 47 51 2
@  280 48 54 2
@  281 49 51 2
@  282 49 50 2
@  283 51 53 2
@  284 53 54 2
#
@  0 0 1 2
@  1 0 2 2
@  2 0 3 2
@  3 0 6 2
@  4 0 12 2
@  5 0 17 2
@  6 0 26 2
@  7 0 34 2
@  8 0 36 2
@  9 0 41 2
@  10 0 43 2
@  11 0 46 2
@  12 0 53 2
@  13 1 2 2
@  14 1 3 2
@  15 1 7 2
@  16 1 18 2
@  17 1 21 2
@  18 1 24 2
@  19 1 27 2
@  20 1 28 2
@  21 1 37 2
@  22 1 43 2
@  23 1 52 2
@  24 1 54 2
@  25 1 17 2
@  26 2 9 2
@  27 2 11 2
@  28 2 13 2
@  29 2 16 2
@  30 2 28 2
@  31 2 30 2
@  32 2 36 2
@  33 2 45 2
@  34 3 8 2
@  35 3 18 2
@  36 3 19 2
@  37 3 25 2
@  38 3 36 2
@  39 3 38 2
@  40 3 42 2
@  41 4 7 2
@  42 4 9 2
@  43 4 10 2
@  44 4 11 2
@  45 4 16 2
@  46 4 18 2
@  47 4 21 2
@  48 4 32 2
@  49 4 33 2
@  50 4 36 2
@  51 4 37 2
@  52 4 40 2
@  53 4 41 2
@  54 4 45 2
@  55 4 50 2
@  56 4 39 2
@  57 5 9 2
@  58 5 14 2
@  59 5 16 2
@  60 5 17 2
@  61 5 22 2
@  62 5 28 2
@  63 5 32 2
@  64 5 44 2
@  65 5 20 2
@  66 6 21 2
@  67 6 22 2
@  68 6 25 2
@  69 6 34 2
@  70 6 39 2
@  71 6 46 2
@  72 7 13 2
@  73 7 33 2
@  74 7 43 2
@  75 7 46 2
@  76 7 47 2
@  77 7 48 2
@  78 7 53 2
@  79 8 13 2
@  80 8 14 2
@  81 8 16 2
@  82 8 18 2
@  83 8 19 2
@  84 8 21 2
@  85 8 23 2
@  86 8 25 2
@  87 8 37 2
@  88 8 47 2
@  89 8 49 2
@  90 8 52 2
@  91 8 53 2
@  92 9 12 2
@  93 9 13 2
@  94 9 34 2
@  95 9 36 2
@  96 9 38 2
@  97 9 44 2
@  98 9 48 2
@  99 9 51 2
@  100 9 52 2
@  101 9 53 2
@  102 10 11 2
@  103 10 12 2
@  104 10 13 2
@  105 10 15 2
@  106 10 17 2
@  107 10 23 2
@  108 10 29 2
@  109 10 33 2
@  110 10 38 2
@  111 10 42 2
@  112 11 20 2
@  113 11 23 2
@  114 11 24 2
@  115 11 37 2
@  116 11 48 2
@  117 11 53 2
@  118 11 41 2
@  119 12 18 2
@  120 12 31 2
@  121 12 32 2
@  122 12 34 2
@  123 12 50 2
@  124 12 53 2
@  125 13 16 2
@  126 13 20 2
@  127 13 22 2
@  128 13 24 2
@  129 13 40 2
@  130 13 46 2
@  131 13 34 2
@  132 14 16 2
@  133 14 22 2
@  134 14 23 2
@  135 14 27 2
@  136 14 31 2
@  137 14 38 2
@  138 14 43 2
@  139 15 18 2
@  140 15 26 2
@  141 15 27 2
@  142 15 29 2
@  143 15 31 2
@  144 15 32 2
@  145 15 33 2
@  146 15 36 2
@  147 15 40 2
@  148 15 44 2
@  149 15 54 2
@  150 16 30 2
@  151 16 34 2
@  152 16 39 2
@  153 16 46 2
@  154 16 51 2
@  155 17 18 2
@  156 17 33 2
@  157 17 46 2
@  158 17 47 2
@  159 17 49 2
@  160 18 28 2
@  161 18 31 2
@  162 18 52 2
@  163 18 49 2
@  164 19 23 2
@  165 19 32 2
@  166 19 33 2
@  167 19 35 2
@  168 19 38 2
@  169 19 41 2
@  170 19 51 2
@  171 19 21 2
@  172 19 36 2
@  173 20 21 2
@  174 20 22 2
@  175 20 27 2
@  176 20 31 2
@  177 20 38 2
@  178 20 40 2
@  179 20 42 2
@  180 20 46 2
@  181 20 50 2
@  182 21 50 2
@  183 21 53 2
@  184 22 33 2
@  185 22 41 2
@  186 22 44 2
@  187 22 47 2
@  188 22 51 2
@  189 22 52 2
@  190 22 25 2
@  191 22 50 2
@  192 23 29 2
@  193 23 30 2
@  194 23 31 2
@  195 23 37 2
@  196 23 39 2
@  197 23 43 2
@  198 23 48 2
@  199 24 31 2
@  200 24 32 2
@  201 24 39 2
@  202 24 40 2
@  203 24 46 2
@  204 24 53 2
@  205 25 31 2
@  206 25 33 2
@  207 25 38 2
@  208 25 41 2
@  209 25 50 2
@  210 25 52 2
@  211 26 34 2
@  212 26 35 2
@  213 26 43 2
@  214 26 45 2
@  215 26 46 2
@  216 26 49 2
@  217 26 54 2
@  218 27 28 2
@  219 27 29 2
@  220 27 45 2
@  221 27 53 2
@  222 28 31 2
@  223 28 32 2
@  224 28 39 2
@  225 28 42 2
@  226 28 53 2
@  227 29 30 2
@  228 29 32 2
@  229 29 35 2
@  230 29 36 2
@  231 30 44 2
@  232 31 33 2
@  233 31 37 2
@  234 31 38 2
@  235 31 44 2
@  236 31 54 2
@  237 32 36 2
@  238 32 42 2
@  239 32 48 2
@  240 33 34 2
@  241 33 36 2
@  242 33 41 2
@  243 34 38 2
@  244 34 45 2
@  245 34 52 2
@  246 35 39 2
@  247 35 41 2
@  248 35 43 2
@  249 35 44 2
@  250 36 37 2
@  251 36 46 2
@  252 36 49 2
@  253 36 52 2
@  254 37 47 2
@  255 37 54 2
@  256 38 39 2
@  257 38 40 2
@  258 38 44 2
@  259 38 50 2
@  260 38 45 2
@  261 39 47 2
@  262 39 48 2
@  263 40 41 2
@  264 40 47 2
@  265 41 43 2
@  266 41 45 2
@  267 41 46 2
@  268 41 51 2
@  269 42 53 2
@  270 42 54 2
@  271 43 45 2
@  272 44 49 2
@  273 45 46 2
@  274 45 53 2
@  275 46 47 2
@  276 46 49 2
@  277 46 51 2
@  278 47 49 2
@  279 47 51 2
@  280 48 54 2
@  281 49 51 2
@  282 51 53 2
@  283 53 54 2
#
@  0 0 1 2
@  1 0 2 2
@  2 0 3 2
@  3 0 6 2
@  4 0 12 2
@  5 0 17 2
@  6 0 26 2
@  7 0 34 2
@  8 0 36 2
@  9 0 41 2
@  10 0 43 2
@  11 0 46 2
@  12 0 53 2
@  13 1 2 2
@  14 1 3 2
@  15 1 7 2
@  16 1 18 2
@  17 1 21 2
@  18 1 24 2
@  19 1 27 2
@  20 1 28 2
@  21 1 37 2
@  22 1 43 2
@  23 1 52 2
@  24 1 54 2
@  25 2 9 2
@  26 2 11 2
@  27 2 13 2
@  28 2 16 2
@  29 2 28 2
@  30 2 30 2
@  31 2 36 2
@  32 2 45 2
@  33 3 8 2
@  34 3 18 2
@  35 3 19 2
@  36 3 25 2
@  37 3 36 2
@  38 3 38 2
@  39 3 42 2
@  40 4 7 2
@  41 4 9 2
@  42 4 10 2
@  43 4 11 2
@  44 4 16 2
@  45 4 18 2
@  46 4 21 2
@  47 4 32 2
@  48 4 33 2
@  49 4 36 2
@  50 4 37 2
@  51 4 40 2
@  52 4 41 2
@  53 4 45 2
@  54 4 50 2
@  55 5 9 2
@  56 5 14 2
@  57 5 16 2
@  58 5 17 2
@  59 5 22 2
@  60 5 28 2
@  61 5 32 2
@  62 5 44 2
@  63 6 21 2
@  64 6 22 2
@  65 6 25 2
@  66 6 34 2
@  67 6 39 2
@  68 6 46 2
@  69 6 36 2
@  70 7 13 2
@  71 7 33 2
@  72 7 43 2
@  73 7 46 2
@  74 7 47 2
@  75 7 48 2
@  76 7 53 2
@  77 8 13 2
@  78 8 14 2
@  79 8 16 2
@  80 8 18 2
@  81 8 19 2
@  82 8 21 2
@  83 8 23 2
@  84 8 25 2
@  85 8 37 2
@  86 8 47 2
@  87 8 49 2
@  88 8 52 2
@  89 8 53 2
@  90 9 12 2
@  91 9 13 2
@  92 9 34 2
@  93 9 36 2
@  94 9 38 2
@  95 9 44 2
@  96 9 48 2
@  97 9 51 2
@  98 9 52 2
@  99 9 53 2
@  100 10 11 2
@  101 10 12 2
@  102 10 13 2
@  103 10 15 2
@  104 10 17 2
@  105 10 23 2
@  106 10 29 2
@  107 10 33 2
@  108 10 38 2
@  109 10 42 2
@  110 11 20 2
@  111 11 23 2
@  112 11 24 2
@  113 11 37 2
@  114 11 48 2
@  115 11 53 2
@  116 11 40 2
@  117 12 18 2
@  118 12 31 2
@  119 12 32 2
@  120 12 34 2
@  121 12 50 2
@  122 12 53 2
@  123 13 16 2
@  124 13 20 2
@  125 13 22 2
@  126 13 24 2
@  127 13 40 2
@  128 13 46 2
@  129 13 35 2
@  130 14 16 2
@  131 14 22 2
@  132 14 23 2
@  133 14 27 2
@  134 14 31 2
@  135 14 38 2
@  136 14 43 2
@  137 15 18 2
@  138 15 26 2
@  139 15 27 2
@  140 15 29 2
@  141 15 31 2
@  142 15 32 2
@  143 15 33 2
@  144 15 36 2
@  145 15 40 2
@  146 15 44 2
@  147 15 54 2
@  148 16 30 2
@  149 16 34 2
@  150 16 39 2
@  151 16 46 2
@  152 16 51 2
@  153 16 25 2
@  154 17 18 2
@  155 17 33 2
@  156 17 46 2
@  157 17 47 2
@  158 17 49 2
@  159 18 28 2
@  160 18 31 2
@  161 18 52 2
@  162 19 23 2
@  163 19 32 2
@  164 19 33 2
@  165 19 35 2
@  166 19 38 2
@  167 19 41 2
@  168 19 51 2
@  169 20 21 2
@  170 20 22 2
@  171 20 27 2
@  172 20 31 2
@  173 20 38 2
@  174 20 40 2
@  175 20 42 2
@  176 20 46 2
@  177 20 50 2
@  178 21 50 2
@  179 21 53 2
@  180 22 33 2
@  181 22 41 2
@  182 22 44 2
@  183 22 47 2
@  184 22 51 2
@  185 22 52 2
@  186 23 29 2
@  187 23 30 2
@  188 23 31 2
@  189 23 37 2
@  190 23 39 2
@  191 23 43 2
@  192 23 48 2
@  193 23 33 2
@  194 24 31 2
@  195 24 32 2
@  196 24 39 2
@  197 24 40 2
@  198 24 46 2
@  199 24 53 2
@  200 25 31 2
@  201 25 33 2
@  202 25 38 2
@  203 25 41 2
@  204 25 50 2
@  205 25 52 2
@  206 26 34 2
@  207 26 35 2
@  208 26 43 2
@  209 26 45 2
@  210 26 46 2
@  211 26 49 2
@  212 26 54 2
@  213 27 28 2
@  214 27 29 2
@  215 27 45 2
@  216 27 53 2
@  217 27 52 2
@  218 28 31 2
@  219 28 32 2
@  220 28 39 2
@  221 28 42 2
@  222 28 53 2
@  223 28 38 2
@  224 28 51 2
@  225 29 30 2
@  226 29 32 2
@  227 29 35 2
@  228 29 36 2
@  229 30 44 2
@  230 31 33 2
@  231 31 37 2
@  232 31 38 2
@  233 31 44 2
@  234 31 54 2
@  235 32 36 2
@  236 32 42 2
@  237 32 48 2
@  238 33 34 2
@  239 33 36 2
@  240 33 41 2
@  241 34 38 2
@  242 34 45 2
@  243 34 52 2
@  244 35 39 2
@  245 35 41 2
@  246 35 43 2
@  247 35 44 2
@  248 36 37 2
@  249 36 46 2
@  250 36 49 2
@  251 36 52 2
@  252 37 47 2
@  253 37 54 2
@  254 38 39 2
@  255 38 40 2
@  256 38 44 2
@  257 38 50 2
@  258 39 47 2
@  259 39 48 2
@  260 39 43 2
@  261 40 41 2
@  262 40 47 2
@  263 41 43 2
@  264 41 45 2
@  265 41 46 2
@  266 41 51 2
@  267 42 53 2
@  268 42 54 2
@  269 43 45 2
@  270 44 49 2
@  271 45 46 2
@  272 45 53 2
@  273 46 47 2
@  274 46 49 2
@  275 46 51 2
@  276 47 49 2
@  277 47 51 2
@  278 47 54 2
@  279 48 54 2
@  280 49 51 2
@  281 51 53 2
@  282 53 54 2
#
