@  0 0 1 2
@  1 0 14 2
@  2 0 2 2
@  3 0 13 2
@  4 0 3 2
@  5 0 12 2
@  6 0 9 2
@  7 1 2 2
@  8 1 3 2
@  9 1 4 2
@  10 1 13 2
@  11 2 3 2
@  12 2 4 2
@  13 2 5 2
@  14 2 14 2
@  15 3 4 2
@  16 3 5 2
@  17 3 6 2
@  18 4 5 2
@  19 4 6 2
@  20 4 7 2
@  21 4 8 2
@  22 5 6 2
@  23 5 8 2
@  24 5 10 2
@  25 6 7 2
@  26 6 8 2
@  27 6 9 2
@  28 6 11 2
@  29 7 9 2
@  30 7 10 2
@  31 7 12 2
@  32 8 9 2
@  33 8 14 2
@  34 8 10 2
@  35 9 10 2
@  36 9 11 2
@  37 9 12 2
@  38 10 11 2
@  39 10 12 2
@  40 10 13 2
@  41 10 14 2
@  42 11 13 2
@  43 11 14 2
@  44 12 13 2
@  45 12 14 2
@  46 13 14 2
#
@  0 0 1 2
@  1 0 14 2
@  2 0 2 2
@  3 0 13 2
@  4 0 3 2
@  5 0 12 2
@  6 1 2 2
@  7 1 3 2
@  8 1 4 2
@  9 1 13 2
@  10 2 3 2
@  11 2 4 2
@  12 2 5 2
@  13 2 14 2
@  14 3 4 2
@  15 3 5 2
@  16 3 6 2
@  17 4 5 2
@  18 4 6 2
@  19 4 7 2
@  20 4 8 2
@  21 5 6 2
@  22 5 8 2
@  23 5 10 2
@  24 6 7 2
@  25 6 8 2
@  26 6 9 2
@  27 6 11 2
@  28 7 9 2
@  29 7 10 2
@  30 7 12 2
@  31 8 9 2
@  32 8 14 2
@  33 9 10 2
@  34 9 11 2
@  35 9 12 2
@  36 10 11 2
@  37 10 12 2
@  38 10 13 2
@  39 10 14 2
@  40 11 13 2
@  41 11 14 2
@  42 11 11 2
@  43 12 13 2
@  44 12 14 2
@  45 13 14 2
#
@  0 0 1 2
@  1 0 14 2
@  2 0 2 2
@  3 0 13 2
@  4 0 3 2
@  5 0 12 2
@  6 0 7 2
@  7 1 2 2
@  8 1 3 2
@  9 1 4 2
@  10 1 13 2
@  11 2 3 2
@  12 2 4 2
@  13 2 5 2
@  14 2 14 2
@  15 3 4 2
@  16 3 5 2
@  17 3 6 2
@  18 4 5 2
@  19 4 6 2
@  20 4 7 2
@  21 4 8 2
@  22 4 9 2
@  23 5 6 2
@  24 5 8 2
@  25 5 10 2
@  26 5 7 2
@  27 6 7 2
@  28 6 8 2
@  29 6 9 2
@  30 6 11 2
@  31 7 9 2
@  32 7 10 2
@  33 7 12 2
@  34 8 9 2
@  35 8 14 2
@  36 9 10 2
@  37 9 11 2
@  38 9 12 2
@  39 10 11 2
@  40 10 12 2
@  41 10 13 2
@  42 10 14 2
@  43 11 13 2
@  44 11 14 2
@  45 12 13 2
@  46 12 14 2
@  47 13 14 2
#
