@  0 0 1 2
@  1 0 19 2
@  2 0 2 2
@  3 0 18 2
@  4 0 3 2
@  5 0 11 2
@  6 1 2 2
@  7 1 3 2
@  8 1 19 2
@  9 1 4 2
@  10 1 9 2
@  11 2 3 2
@  12 2 4 2
@  13 2 5 2
@  14 2 19 2
@  15 2 16 2
@  16 3 4 2
@  17 3 5 2
@  18 3 13 2
@  19 4 5 2
@  20 4 6 2
@  21 4 7 2
@  22 5 6 2
@  23 5 7 2
@  24 5 8 2
@  25 6 7 2
@  26 6 8 2
@  27 6 9 2
@  28 7 9 2
@  29 7 10 2
@  30 7 16 2
@  31 8 9 2
@  32 8 11 2
@  33 8 16 2
@  34 9 11 2
@  35 9 12 2
@  36 9 16 2
@  37 10 11 2
@  38 10 12 2
@  39 10 16 2
@  40 10 15 2
@  41 11 12 2
@  42 11 13 2
@  43 11 14 2
@  44 11 18 2
@  45 11 15 2
@  46 12 13 2
@  47 12 14 2
@  48 12 15 2
@  49 12 19 2
@  50 13 14 2
@  51 13 15 2
@  52 13 16 2
@  53 14 15 2
@  54 14 16 2
@  55 14 17 2
@  56 15 16 2
@  57 15 17 2
@  58 15 18 2
@  59 16 19 2
@  60 16 17 2
@  61 17 18 2
@  62 17 19 2
@  63 18 19 2
#
@  0 0 1 2
@  1 0 19 2
@  2 0 2 2
@  3 0 18 2
@  4 0 3 2
@  5 1 2 2
@  6 1 3 2
@  7 1 19 2
@  8 1 4 2
@  9 1 9 2
@  10 1 6 2
@  11 2 3 2
@  12 2 4 2
@  13 2 5 2
@  14 2 19 2
@  15 2 16 2
@  16 3 4 2
@  17 3 5 2
@  18 3 13 2
@  19 4 5 2
@  20 4 6 2
@  21 4 7 2
@  22 5 6 2
@  23 5 7 2
@  24 5 8 2
@  25 6 7 2
@  26 6 8 2
@  27 6 9 2
@  28 7 9 2
@  29 7 10 2
@  30 7 16 2
@  31 8 9 2
@  32 8 11 2
@  33 8 16 2
@  34 9 11 2
@  35 9 12 2
@  36 10 11 2
@  37 10 12 2
@  38 10 16 2
@  39 10 15 2
@  40 11 12 2
@  41 11 13 2
@  42 11 14 2
@  43 11 18 2
@  44 11 19 2
@  45 12 13 2
@  46 12 14 2
@  47 12 15 2
@  48 13 14 2
@  49 13 15 2
@  50 13 16 2
@  51 14 15 2
@  52 14 16 2
@  53 14 17 2
@  54 15 16 2
@  55 15 17 2
@  56 15 18 2
@  57 16 19 2
@  58 16 17 2
@  59 17 18 2
@  60 17 19 2
@  61 18 19 2
#
@  0 0 1 2
@  1 0 19 2
@  2 0 2 2
@  3 0 18 2
@  4 0 3 2
@  5 0 10 2
@  6 1 2 2
@  7 1 3 2
@  8 1 19 2
@  9 1 4 2
@  10 1 9 2
@  11 2 3 2
@  12 2 4 2
@  13 2 5 2
@  14 2 19 2
@  15 2 16 2
@  16 2 13 2
@  17 3 4 2
@  18 3 5 2
@  19 3 13 2
@  20 3 11 2
@  21 4 5 2
@  22 4 6 2
@  23 4 7 2
@  24 5 6 2
@  25 5 7 2
@  26 5 8 2
@  27 6 7 2
@  28 6 8 2
@  29 6 9 2
@  30 7 9 2
@  31 7 10 2
@  32 7 16 2
@  33 7 19 2
@  34 8 9 2
@  35 8 11 2
@  36 8 16 2
@  37 8 17 2
@  38 9 11 2
@  39 9 12 2
@  40 9 15 2
@  41 10 11 2
@  42 10 12 2
@  43 10 16 2
@  44 10 15 2
@  45 11 12 2
@  46 11 13 2
@  47 11 14 2
@  48 11 18 2
@  49 12 13 2
@  50 12 14 2
@  51 12 15 2
@  52 13 14 2
@  53 13 15 2
@  54 13 16 2
@  55 14 15 2
@  56 14 16 2
@  57 14 17 2
@  58 15 16 2
@  59 15 17 2
@  60 15 18 2
@  61 16 19 2
@  62 16 17 2
@  63 17 18 2
@  64 17 19 2
@  65 18 19 2
#
