@  0 0 1 2
@  1 0 24 2
@  2 0 2 2
@  3 0 23 2
@  4 0 3 2
@  5 0 22 2
@  6 0 5 2
@  7 0 16 2
@  8 1 2 2
@  9 1 3 2
@  10 1 24 2
@  11 1 4 2
@  12 1 23 2
@  13 1 12 2
@  14 2 5 2
@  15 2 24 2
@  16 2 23 2
@  17 2 20 2
@  18 2 10 2
@  19 3 4 2
@  20 3 5 2
@  21 3 6 2
@  22 4 5 2
@  23 4 6 2
@  24 4 7 2
@  25 5 7 2
@  26 5 8 2
@  27 5 13 2
@  28 6 7 2
@  29 6 8 2
@  30 6 9 2
@  31 7 8 2
@  32 7 9 2
@  33 7 10 2
@  34 8 9 2
@  35 8 10 2
@  36 8 11 2
@  37 9 10 2
@  38 9 11 2
@  39 9 12 2
@  40 10 11 2
@  41 10 12 2
@  42 10 13 2
@  43 11 12 2
@  44 11 13 2
@  45 11 14 2
@  46 12 15 2
@  47 12 21 2
@  48 13 14 2
@  49 13 15 2
@  50 13 16 2
@  51 14 15 2
@  52 14 16 2
@  53 14 17 2
@  54 15 17 2
@  55 15 18 2
@  56 15 19 2
@  57 16 17 2
@  58 16 18 2
@  59 16 19 2
@  60 17 18 2
@  61 17 19 2
@  62 17 20 2
@  63 18 19 2
@  64 18 20 2
@  65 18 21 2
@  66 19 20 2
@  67 19 21 2
@  68 19 22 2
@  69 20 22 2
@  70 20 23 2
@  71 21 22 2
@  72 21 23 2
@  73 21 24 2
@  74 22 23 2
@  75 22 24 2
@  76 23 24 2
#
@  0 0 1 2
@  1 0 24 2
@  2 0 2 2
@  3 0 23 2
@  4 0 3 2
@  5 0 22 2
@  6 0 10 2
@  7 0 8 2
@  8 1 2 2
@  9 1 3 2
@  10 1 24 2
@  11 1 4 2
@  12 1 23 2
@  13 1 12 2
@  14 2 5 2
@  15 2 24 2
@  16 2 23 2
@  17 2 20 2
@  18 2 10 2
@  19 3 4 2
@  20 3 5 2
@  21 3 6 2
@  22 3 18 2
@  23 4 5 2
@  24 4 6 2
@  25 4 7 2
@  26 5 7 2
@  27 5 8 2
@  28 5 13 2
@  29 6 7 2
@  30 6 8 2
@  31 6 9 2
@  32 7 8 2
@  33 7 9 2
@  34 7 10 2
@  35 8 9 2
@  36 8 10 2
@  37 8 11 2
@  38 8 24 2
@  39 9 10 2
@  40 9 11 2
@  41 9 12 2
@  42 9 23 2
@  43 10 11 2
@  44 10 12 2
@  45 10 13 2
@  46 11 12 2
@  47 11 13 2
@  48 11 14 2
@  49 12 15 2
@  50 12 21 2
@  51 13 14 2
@  52 13 15 2
@  53 13 16 2
@  54 14 15 2
@  55 14 16 2
@  56 14 17 2
@  57 15 17 2
@  58 15 18 2
@  59 15 19 2
@  60 16 17 2
@  61 16 18 2
@  62 16 19 2
@  63 17 18 2
@  64 17 19 2
@  65 17 20 2
@  66 18 19 2
@  67 18 20 2
@  68 18 21 2
@  69 19 20 2
@  70 19 21 2
@  71 19 22 2
@  72 20 22 2
@  73 20 23 2
@  74 21 22 2
@  75 21 23 2
@  76 21 24 2
@  77 22 23 2
@  78 22 24 2
@  79 23 24 2
#
@  0 0 1 2
@  1 0 24 2
@  2 0 2 2
@  3 0 23 2
@  4 0 3 2
@  5 0 22 2
@  6 1 2 2
@  7 1 3 2
@  8 1 24 2
@  9 1 4 2
@  10 1 23 2
@  11 1 12 2
@  12 2 5 2
@  13 2 24 2
@  14 2 23 2
@  15 2 20 2
@  16 2 10 2
@  17 2 16 2
@  18 3 4 2
@  19 3 5 2
@  20 3 6 2
@  21 4 5 2
@  22 4 6 2
@  23 4 7 2
@  24 5 7 2
@  25 5 8 2
@  26 5 13 2
@  27 6 7 2
@  28 6 8 2
@  29 6 9 2
@  30 7 8 2
@  31 7 9 2
@  32 7 10 2
@  33 8 9 2
@  34 8 10 2
@  35 8 11 2
@  36 9 10 2
@  37 9 11 2
@  38 9 12 2
@  39 10 11 2
@  40 10 12 2
@  41 10 13 2
@  42 10 17 2
@  43 11 12 2
@  44 11 13 2
@  45 11 14 2
@  46 12 15 2
@  47 12 21 2
@  48 13 14 2
@  49 13 15 2
@  50 13 16 2
@  51 14 15 2
@  52 14 16 2
@  53 14 17 2
@  54 15 17 2
@  55 15 18 2
@  56 15 19 2
@  57 16 17 2
@  58 16 18 2
@  59 16 19 2
@  60 17 18 2
@  61 17 19 2
@  62 17 20 2
@  63 18 19 2
@  64 18 20 2
@  65 18 21 2
@  66 19 20 2
@  67 19 21 2
@  68 19 22 2
@  69 20 22 2
@  70 20 23 2
@  71 21 22 2
@  72 21 23 2
@  73 21 24 2
@  74 22 23 2
@  75 22 24 2
@  76 23 24 2
#
