@  0 0 1 2
@  1 0 24 2
@  2 0 2 2
@  3 0 23 2
@  4 0 3 2
@  5 0 22 2
@  6 0 12 2
@  7 0 16 2
@  8 0 18 2
@  9 1 2 2
@  10 1 24 2
@  11 1 23 2
@  12 1 21 2
@  13 1 17 2
@  14 1 13 2
@  15 2 3 2
@  16 2 4 2
@  17 2 5 2
@  18 2 24 2
@  19 2 11 2
@  20 3 4 2
@  21 3 5 2
@  22 3 6 2
@  23 4 6 2
@  24 4 7 2
@  25 4 21 2
@  26 5 6 2
@  27 5 8 2
@  28 5 13 2
@  29 6 7 2
@  30 6 8 2
@  31 6 11 2
@  32 6 21 2
@  33 7 8 2
@  34 7 9 2
@  35 7 10 2
@  36 8 10 2
@  37 8 11 2
@  38 8 18 2
@  39 8 9 2
@  40 9 10 2
@  41 9 11 2
@  42 9 14 2
@  43 10 12 2
@  44 10 13 2
@  45 10 20 2
@  46 11 12 2
@  47 11 14 2
@  48 12 13 2
@  49 12 14 2
@  50 12 17 2
@  51 13 14 2
@  52 13 16 2
@  53 13 20 2
@  54 13 13 2
@  55 14 15 2
@  56 14 16 2
@  57 14 14 2
@  58 15 16 2
@  59 15 17 2
@  60 15 18 2
@  61 16 17 2
@  62 16 18 2
@  63 17 18 2
@  64 17 20 2
@  65 18 20 2
@  66 18 21 2
@  67 18 24 2
@  68 19 20 2
@  69 19 21 2
@  70 19 22 2
@  71 20 21 2
@  72 20 22 2
@  73 20 23 2
@  74 21 22 2
@  75 21 23 2
@  76 21 24 2
@  77 22 23 2
@  78 22 24 2
@  79 23 24 2
#
@  0 0 1 2
@  1 0 24 2
@  2 0 2 2
@  3 0 23 2
@  4 0 3 2
@  5 0 22 2
@  6 0 12 2
@  7 0 16 2
@  8 1 2 2
@  9 1 24 2
@  10 1 23 2
@  11 1 21 2
@  12 1 17 2
@  13 2 3 2
@  14 2 4 2
@  15 2 5 2
@  16 2 24 2
@  17 2 6 2
@  18 3 4 2
@  19 3 5 2
@  20 3 6 2
@  21 3 11 2
@  22 3 20 2
@  23 4 6 2
@  24 4 7 2
@  25 4 21 2
@  26 5 6 2
@  27 5 8 2
@  28 5 13 2
@  29 6 7 2
@  30 6 8 2
@  31 6 11 2
@  32 6 21 2
@  33 7 8 2
@  34 7 9 2
@  35 7 10 2
@  36 7 24 2
@  37 8 10 2
@  38 8 11 2
@  39 8 18 2
@  40 8 9 2
@  41 9 10 2
@  42 9 11 2
@  43 9 14 2
@  44 10 12 2
@  45 10 13 2
@  46 10 20 2
@  47 11 12 2
@  48 11 14 2
@  49 12 13 2
@  50 12 14 2
@  51 12 17 2
@  52 13 14 2
@  53 13 16 2
@  54 13 20 2
@  55 13 19 2
@  56 14 15 2
@  57 14 16 2
@  58 15 16 2
@  59 15 17 2
@  60 15 18 2
@  61 16 17 2
@  62 16 18 2
@  63 17 18 2
@  64 17 20 2
@  65 18 20 2
@  66 18 21 2
@  67 18 24 2
@  68 19 20 2
@  69 19 21 2
@  70 19 22 2
@  71 20 21 2
@  72 20 22 2
@  73 20 23 2
@  74 21 22 2
@  75 21 23 2
@  76 21 24 2
@  77 22 23 2
@  78 22 24 2
@  79 23 24 2
#
@  0 0 1 2
@  1 0 24 2
@  2 0 2 2
@  3 0 23 2
@  4 0 3 2
@  5 0 22 2
@  6 0 12 2
@  7 0 16 2
@  8 0 5 2
@  9 1 2 2
@  10 1 24 2
@  11 1 23 2
@  12 1 21 2
@  13 1 17 2
@  14 1 14 2
@  15 2 3 2
@  16 2 4 2
@  17 2 5 2
@  18 2 24 2
@  19 3 4 2
@  20 3 5 2
@  21 3 6 2
@  22 4 6 2
@  23 4 7 2
@  24 4 21 2
@  25 5 6 2
@  26 5 8 2
@  27 5 13 2
@  28 5 20 2
@  29 6 7 2
@  30 6 8 2
@  31 6 11 2
@  32 6 21 2
@  33 7 8 2
@  34 7 9 2
@  35 7 10 2
@  36 8 10 2
@  37 8 11 2
@  38 8 18 2
@  39 8 9 2
@  40 9 10 2
@  41 9 11 2
@  42 9 14 2
@  43 9 22 2
@  44 9 23 2
@  45 10 12 2
@  46 10 13 2
@  47 10 20 2
@  48 11 12 2
@  49 11 14 2
@  50 12 13 2
@  51 12 14 2
@  52 12 17 2
@  53 12 15 2
@  54 13 14 2
@  55 13 16 2
@  56 13 20 2
@  57 14 15 2
@  58 14 16 2
@  59 15 16 2
@  60 15 17 2
@  61 15 18 2
@  62 16 17 2
@  63 16 18 2
@  64 17 18 2
@  65 17 20 2
@  66 18 20 2
@  67 18 21 2
@  68 18 24 2
@  69 19 20 2
@  70 19 21 2
@  71 19 22 2
@  72 20 21 2
@  73 20 22 2
@  74 20 23 2
@  75 21 22 2
@  76 21 23 2
@  77 21 24 2
@  78 22 23 2
@  79 22 24 2
@  80 23 24 2
#
