@  0 0 24 2
@  1 0 2 2
@  2 0 23 2
@  3 0 22 2
@  4 0 6 2
@  5 0 1 2
@  6 0 10 2
@  7 0 11 2
@  8 1 3 2
@  9 1 24 2
@  10 1 4 2
@  11 1 17 2
@  12 1 7 2
@  13 2 3 2
@  14 2 5 2
@  15 2 24 2
@  16 2 14 2
@  17 2 18 2
@  18 2 17 2
@  19 2 23 2
@  20 3 4 2
@  21 3 5 2
@  22 3 6 2
@  23 3 11 2
@  24 3 17 2
@  25 3 10 2
@  26 4 5 2
@  27 4 6 2
@  28 4 7 2
@  29 5 6 2
@  30 5 7 2
@  31 5 8 2
@  32 6 7 2
@  33 6 9 2
@  34 6 18 2
@  35 7 8 2
@  36 7 9 2
@  37 7 10 2
@  38 7 14 2
@  39 8 9 2
@  40 8 11 2
@  41 8 18 2
@  42 8 14 2
@  43 8 13 2
@  44 8 24 2
@  45 9 10 2
@  46 9 12 2
@  47 9 17 2
@  48 9 20 2
@  49 9 13 2
@  50 10 11 2
@  51 10 13 2
@  52 10 14 2
@  53 11 13 2
@  54 12 13 2
@  55 12 14 2
@  56 12 15 2
@  57 12 17 2
@  58 13 15 2
@  59 13 17 2
@  60 15 16 2
@  61 15 17 2
@  62 15 18 2
@  63 16 17 2
@  64 16 18 2
@  65 16 19 2
@  66 17 18 2
@  67 18 19 2
@  68 18 20 2
@  69 18 21 2
@  70 19 20 2
@  71 19 21 2
@  72 19 22 2
@  73 20 21 2
@  74 20 23 2
@  75 20 24 2
@  76 21 22 2
@  77 21 23 2
@  78 21 24 2
@  79 22 23 2
@  80 22 24 2
@  81 23 24 2
#
@  0 0 24 2
@  1 0 2 2
@  2 0 23 2
@  3 0 22 2
@  4 0 6 2
@  5 0 1 2
@  6 0 10 2
@  7 0 11 2
@  8 0 14 2
@  9 1 3 2
@  10 1 24 2
@  11 1 4 2
@  12 1 16 2
@  13 1 18 2
@  14 2 3 2
@  15 2 5 2
@  16 2 24 2
@  17 2 14 2
@  18 2 18 2
@  19 2 17 2
@  20 2 23 2
@  21 2 4 2
@  22 3 4 2
@  23 3 5 2
@  24 3 6 2
@  25 3 11 2
@  26 3 17 2
@  27 4 5 2
@  28 4 6 2
@  29 4 7 2
@  30 4 17 2
@  31 5 6 2
@  32 5 7 2
@  33 5 8 2
@  34 5 11 2
@  35 6 7 2
@  36 6 9 2
@  37 6 18 2
@  38 7 8 2
@  39 7 9 2
@  40 7 10 2
@  41 7 14 2
@  42 8 9 2
@  43 8 11 2
@  44 8 18 2
@  45 8 14 2
@  46 8 13 2
@  47 9 10 2
@  48 9 12 2
@  49 9 17 2
@  50 9 20 2
@  51 9 23 2
@  52 10 11 2
@  53 10 13 2
@  54 10 14 2
@  55 10 20 2
@  56 11 13 2
@  57 12 13 2
@  58 12 14 2
@  59 12 15 2
@  60 12 20 2
@  61 13 15 2
@  62 13 17 2
@  63 15 16 2
@  64 15 17 2
@  65 15 18 2
@  66 16 17 2
@  67 16 18 2
@  68 16 19 2
@  69 17 18 2
@  70 18 19 2
@  71 18 20 2
@  72 18 21 2
@  73 19 20 2
@  74 19 21 2
@  75 19 22 2
@  76 20 21 2
@  77 20 23 2
@  78 21 22 2
@  79 21 23 2
@  80 21 24 2
@  81 22 23 2
@  82 22 24 2
@  83 23 24 2
#
@  0 0 24 2
@  1 0 2 2
@  2 0 23 2
@  3 0 22 2
@  4 0 6 2
@  5 0 1 2
@  6 0 10 2
@  7 0 11 2
@  8 0 16 2
@  9 1 3 2
@  10 1 24 2
@  11 1 4 2
@  12 1 19 2
@  13 2 3 2
@  14 2 5 2
@  15 2 24 2
@  16 2 14 2
@  17 2 18 2
@  18 2 17 2
@  19 2 23 2
@  20 3 4 2
@  21 3 5 2
@  22 3 6 2
@  23 3 11 2
@  24 3 17 2
@  25 3 14 2
@  26 4 5 2
@  27 4 6 2
@  28 4 7 2
@  29 5 6 2
@  30 5 7 2
@  31 5 8 2
@  32 6 7 2
@  33 6 9 2
@  34 6 18 2
@  35 7 8 2
@  36 7 9 2
@  37 7 10 2
@  38 7 14 2
@  39 8 9 2
@  40 8 11 2
@  41 8 18 2
@  42 8 14 2
@  43 8 13 2
@  44 9 10 2
@  45 9 12 2
@  46 9 17 2
@  47 9 20 2
@  48 9 18 2
@  49 10 11 2
@  50 10 13 2
@  51 10 14 2
@  52 10 10 2
@  53 11 13 2
@  54 11 17 2
@  55 12 13 2
@  56 12 14 2
@  57 12 15 2
@  58 12 23 2
@  59 13 15 2
@  60 13 17 2
@  61 15 16 2
@  62 15 17 2
@  63 15 18 2
@  64 16 17 2
@  65 16 18 2
@  66 16 19 2
@  67 17 18 2
@  68 18 19 2
@  69 18 20 2
@  70 18 21 2
@  71 19 20 2
@  72 19 21 2
@  73 19 22 2
@  74 20 21 2
@  75 20 23 2
@  76 21 22 2
@  77 21 23 2
@  78 21 24 2
@  79 22 23 2
@  80 22 24 2
@  81 23 24 2
#
