@  0 0 24 2
@  1 0 2 2
@  2 0 23 2
@  3 0 3 2
@  4 0 22 2
@  5 0 15 2
@  6 0 13 2
@  7 0 10 2
@  8 0 5 2
@  9 1 2 2
@  10 1 4 2
@  11 1 19 2
@  12 1 7 2
@  13 1 5 2
@  14 1 3 2
@  15 2 3 2
@  16 2 4 2
@  17 2 5 2
@  18 2 24 2
@  19 2 7 2
@  20 2 10 2
@  21 3 4 2
@  22 3 8 2
@  23 3 11 2
@  24 3 23 2
@  25 3 12 2
@  26 4 5 2
@  27 4 20 2
@  28 4 18 2
@  29 4 24 2
@  30 5 6 2
@  31 5 7 2
@  32 5 16 2
@  33 5 20 2
@  34 5 8 2
@  35 5 12 2
@  36 6 7 2
@  37 6 9 2
@  38 6 22 2
@  39 6 19 2
@  40 7 8 2
@  41 7 9 2
@  42 7 24 2
@  43 8 10 2
@  44 8 22 2
@  45 8 16 2
@  46 9 10 2
@  47 9 12 2
@  48 9 23 2
@  49 10 11 2
@  50 10 17 2
@  51 11 13 2
@  52 11 14 2
@  53 11 16 2
@  54 11 12 2
@  55 12 13 2
@  56 12 14 2
@  57 12 20 2
@  58 13 14 2
@  59 13 21 2
@  60 13 16 2
@  61 14 15 2
@  62 14 16 2
@  63 14 17 2
@  64 14 23 2
@  65 15 16 2
@  66 15 17 2
@  67 15 18 2
@  68 17 20 2
@  69 17 21 2
@  70 18 20 2
@  71 18 21 2
@  72 18 22 2
@  73 18 19 2
@  74 19 21 2
@  75 19 20 2
@  76 20 22 2
@  77 20 21 2
@  78 21 22 2
@  79 21 23 2
@  80 21 21 2
@  81 22 24 2
@  82 23 24 2
#
@  0 0 24 2
@  1 0 2 2
@  2 0 23 2
@  3 0 3 2
@  4 0 22 2
@  5 0 15 2
@  6 0 13 2
@  7 0 10 2
@  8 0 20 2
@  9 1 2 2
@  10 1 4 2
@  11 1 19 2
@  12 1 7 2
@  13 1 5 2
@  14 2 3 2
@  15 2 4 2
@  16 2 5 2
@  17 2 24 2
@  18 2 7 2
@  19 2 10 2
@  20 2 12 2
@  21 3 4 2
@  22 3 8 2
@  23 3 11 2
@  24 3 23 2
@  25 3 12 2
@  26 3 14 2
@  27 4 5 2
@  28 4 20 2
@  29 4 18 2
@  30 5 6 2
@  31 5 7 2
@  32 5 16 2
@  33 5 20 2
@  34 5 8 2
@  35 5 22 2
@  36 5 9 2
@  37 6 7 2
@  38 6 9 2
@  39 6 22 2
@  40 6 19 2
@  41 6 15 2
@  42 7 8 2
@  43 7 9 2
@  44 7 24 2
@  45 8 10 2
@  46 8 22 2
@  47 9 10 2
@  48 9 12 2
@  49 9 23 2
@  50 10 11 2
@  51 10 17 2
@  52 10 22 2
@  53 11 13 2
@  54 11 14 2
@  55 11 16 2
@  56 11 12 2
@  57 12 13 2
@  58 12 14 2
@  59 12 20 2
@  60 13 14 2
@  61 13 21 2
@  62 13 16 2
@  63 14 15 2
@  64 14 16 2
@  65 14 17 2
@  66 14 23 2
@  67 14 21 2
@  68 15 16 2
@  69 15 17 2
@  70 15 18 2
@  71 17 20 2
@  72 17 21 2
@  73 18 20 2
@  74 18 21 2
@  75 18 22 2
@  76 19 21 2
@  77 20 22 2
@  78 20 21 2
@  79 21 22 2
@  80 21 23 2
@  81 22 24 2
@  82 23 24 2
#
@  0 0 24 2
@  1 0 2 2
@  2 0 23 2
@  3 0 3 2
@  4 0 22 2
@  5 0 15 2
@  6 0 13 2
@  7 0 10 2
@  8 0 4 2
@  9 0 18 2
@  10 1 2 2
@  11 1 4 2
@  12 1 19 2
@  13 1 7 2
@  14 1 5 2
@  15 2 3 2
@  16 2 4 2
@  17 2 5 2
@  18 2 24 2
@  19 2 7 2
@  20 2 10 2
@  21 3 4 2
@  22 3 8 2
@  23 3 11 2
@  24 3 23 2
@  25 3 12 2
@  26 4 5 2
@  27 4 20 2
@  28 4 18 2
@  29 5 6 2
@  30 5 7 2
@  31 5 16 2
@  32 5 20 2
@  33 5 8 2
@  34 5 11 2
@  35 6 7 2
@  36 6 9 2
@  37 6 22 2
@  38 6 19 2
@  39 6 17 2
@  40 7 8 2
@  41 7 9 2
@  42 7 24 2
@  43 7 20 2
@  44 8 10 2
@  45 8 22 2
@  46 9 10 2
@  47 9 12 2
@  48 9 23 2
@  49 9 19 2
@  50 10 11 2
@  51 10 17 2
@  52 10 12 2
@  53 11 13 2
@  54 11 14 2
@  55 11 16 2
@  56 11 12 2
@  57 11 21 2
@  58 12 13 2
@  59 12 14 2
@  60 12 20 2
@  61 13 14 2
@  62 13 21 2
@  63 13 16 2
@  64 14 15 2
@  65 14 16 2
@  66 14 17 2
@  67 14 23 2
@  68 15 16 2
@  69 15 17 2
@  70 15 18 2
@  71 16 22 2
@  72 17 20 2
@  73 17 21 2
@  74 18 20 2
@  75 18 21 2
@  76 18 22 2
@  77 19 21 2
@  78 20 22 2
@  79 20 21 2
@  80 21 22 2
@  81 21 23 2
@  82 22 24 2
@  83 22 23 2
@  84 23 24 2
@  85 23 23 2
#
