@  0 0 1 2
@  1 0 23 2
@  2 0 22 2
@  3 0 10 2
@  4 0 24 2
@  5 0 15 2
@  6 1 2 2
@  7 1 24 2
@  8 1 4 2
@  9 1 23 2
@  10 1 9 2
@  11 1 6 2
@  12 2 3 2
@  13 2 4 2
@  14 2 24 2
@  15 2 6 2
@  16 2 9 2
@  17 2 16 2
@  18 3 4 2
@  19 3 24 2
@  20 3 8 2
@  21 3 22 2
@  22 3 23 2
@  23 4 6 2
@  24 4 13 2
@  25 4 16 2
@  26 4 14 2
@  27 4 12 2
@  28 4 10 2
@  29 4 7 2
@  30 5 6 2
@  31 5 8 2
@  32 5 10 2
@  33 5 13 2
@  34 5 20 2
@  35 6 9 2
@  36 6 24 2
@  37 6 11 2
@  38 6 17 2
@  39 6 12 2
@  40 7 8 2
@  41 7 9 2
@  42 7 16 2
@  43 7 24 2
@  44 8 10 2
@  45 8 11 2
@  46 8 23 2
@  47 8 21 2
@  48 8 24 2
@  49 8 13 2
@  50 9 10 2
@  51 9 11 2
@  52 9 14 2
@  53 9 12 2
@  54 10 14 2
@  55 10 18 2
@  56 10 17 2
@  57 11 13 2
@  58 11 14 2
@  59 11 21 2
@  60 11 19 2
@  61 11 23 2
@  62 12 13 2
@  63 12 15 2
@  64 12 20 2
@  65 12 19 2
@  66 13 14 2
@  67 13 15 2
@  68 13 16 2
@  69 14 18 2
@  70 15 16 2
@  71 15 17 2
@  72 15 18 2
@  73 15 20 2
@  74 16 18 2
@  75 16 19 2
@  76 16 17 2
@  77 17 19 2
@  78 18 19 2
@  79 18 20 2
@  80 18 21 2
@  81 18 23 2
@  82 19 22 2
@  83 20 21 2
@  84 20 23 2
@  85 21 23 2
@  86 21 24 2
@  87 22 23 2
@  88 22 24 2
@  89 23 24 2
#
@  0 0 1 2
@  1 0 23 2
@  2 0 22 2
@  3 0 10 2
@  4 0 24 2
@  5 0 18 2
@  6 1 2 2
@  7 1 24 2
@  8 1 4 2
@  9 1 23 2
@  10 1 9 2
@  11 2 3 2
@  12 2 4 2
@  13 2 24 2
@  14 2 6 2
@  15 2 9 2
@  16 2 22 2
@  17 3 4 2
@  18 3 24 2
@  19 3 8 2
@  20 4 6 2
@  21 4 13 2
@  22 4 16 2
@  23 4 14 2
@  24 4 12 2
@  25 4 10 2
@  26 5 6 2
@  27 5 8 2
@  28 5 10 2
@  29 5 13 2
@  30 5 7 2
@  31 6 9 2
@  32 6 24 2
@  33 6 11 2
@  34 6 17 2
@  35 6 21 2
@  36 6 23 2
@  37 7 8 2
@  38 7 9 2
@  39 7 16 2
@  40 7 11 2
@  41 8 10 2
@  42 8 11 2
@  43 8 23 2
@  44 8 21 2
@  45 8 24 2
@  46 9 10 2
@  47 9 11 2
@  48 9 14 2
@  49 9 9 2
@  50 9 16 2
@  51 10 14 2
@  52 10 17 2
@  53 11 13 2
@  54 11 14 2
@  55 11 21 2
@  56 11 19 2
@  57 12 13 2
@  58 12 15 2
@  59 12 20 2
@  60 12 19 2
@  61 13 14 2
@  62 13 15 2
@  63 13 16 2
@  64 13 20 2
@  65 14 18 2
@  66 15 16 2
@  67 15 17 2
@  68 15 18 2
@  69 15 20 2
@  70 16 18 2
@  71 16 19 2
@  72 16 17 2
@  73 17 19 2
@  74 17 20 2
@  75 18 19 2
@  76 18 20 2
@  77 18 21 2
@  78 18 22 2
@  79 19 22 2
@  80 20 21 2
@  81 20 23 2
@  82 21 23 2
@  83 21 24 2
@  84 22 23 2
@  85 22 24 2
@  86 23 24 2
#
@  0 0 1 2
@  1 0 23 2
@  2 0 22 2
@  3 0 10 2
@  4 0 24 2
@  5 1 2 2
@  6 1 24 2
@  7 1 4 2
@  8 1 23 2
@  9 1 9 2
@  10 1 15 2
@  11 2 3 2
@  12 2 4 2
@  13 2 24 2
@  14 2 6 2
@  15 2 9 2
@  16 3 4 2
@  17 3 24 2
@  18 3 8 2
@  19 3 11 2
@  20 4 6 2
@  21 4 13 2
@  22 4 16 2
@  23 4 14 2
@  24 4 12 2
@  25 4 10 2
@  26 4 7 2
@  27 4 19 2
@  28 5 6 2
@  29 5 8 2
@  30 5 10 2
@  31 5 13 2
@  32 5 23 2
@  33 6 9 2
@  34 6 24 2
@  35 6 11 2
@  36 6 17 2
@  37 6 19 2
@  38 7 8 2
@  39 7 9 2
@  40 7 16 2
@  41 8 10 2
@  42 8 11 2
@  43 8 23 2
@  44 8 21 2
@  45 8 24 2
@  46 8 12 2
@  47 8 16 2
@  48 9 10 2
@  49 9 11 2
@  50 9 14 2
@  51 9 12 2
@  52 9 21 2
@  53 9 22 2
@  54 10 14 2
@  55 11 13 2
@  56 11 14 2
@  57 11 21 2
@  58 11 19 2
@  59 12 13 2
@  60 12 15 2
@  61 12 20 2
@  62 12 19 2
@  63 13 14 2
@  64 13 15 2
@  65 13 16 2
@  66 14 18 2
@  67 14 14 2
@  68 15 16 2
@  69 15 17 2
@  70 15 18 2
@  71 15 20 2
@  72 16 18 2
@  73 16 19 2
@  74 16 17 2
@  75 17 19 2
@  76 18 19 2
@  77 18 20 2
@  78 18 21 2
@  79 19 22 2
@  80 20 21 2
@  81 20 23 2
@  82 20 22 2
@  83 21 23 2
@  84 21 24 2
@  85 22 23 2
@  86 22 24 2
@  87 23 24 2
#
