@  0 0 1 2
@  1 0 2 2
@  2 0 23 2
@  3 0 22 2
@  4 0 14 2
@  5 0 6 2
@  6 0 20 2
@  7 1 23 2
@  8 1 10 2
@  9 1 5 2
@  10 1 14 2
@  11 1 2 2
@  12 1 3 2
@  13 1 15 2
@  14 1 24 2
@  15 2 3 2
@  16 2 5 2
@  17 2 24 2
@  18 2 22 2
@  19 2 13 2
@  20 2 23 2
@  21 3 7 2
@  22 3 4 2
@  23 3 20 2
@  24 4 6 2
@  25 4 16 2
@  26 4 20 2
@  27 4 17 2
@  28 4 12 2
@  29 5 7 2
@  30 5 21 2
@  31 5 16 2
@  32 5 22 2
@  33 6 7 2
@  34 6 9 2
@  35 6 10 2
@  36 6 14 2
@  37 7 8 2
@  38 7 9 2
@  39 7 21 2
@  40 7 22 2
@  41 7 18 2
@  42 7 11 2
@  43 7 10 2
@  44 8 19 2
@  45 8 9 2
@  46 8 23 2
@  47 8 15 2
@  48 9 11 2
@  49 9 13 2
@  50 9 21 2
@  51 9 23 2
@  52 9 19 2
@  53 10 11 2
@  54 10 13 2
@  55 10 23 2
@  56 11 12 2
@  57 11 13 2
@  58 11 14 2
@  59 11 18 2
@  60 11 17 2
@  61 12 13 2
@  62 12 24 2
@  63 12 14 2
@  64 12 21 2
@  65 13 15 2
@  66 13 18 2
@  67 14 18 2
@  68 14 19 2
@  69 14 20 2
@  70 15 17 2
@  71 15 20 2
@  72 15 19 2
@  73 16 17 2
@  74 16 18 2
@  75 16 19 2
@  76 17 18 2
@  77 17 19 2
@  78 18 23 2
@  79 19 21 2
@  80 19 22 2
@  81 19 24 2
@  82 20 21 2
@  83 20 22 2
@  84 20 23 2
@  85 20 24 2
@  86 21 24 2
@  87 22 23 2
#
@  0 0 1 2
@  1 0 2 2
@  2 0 23 2
@  3 0 22 2
@  4 0 14 2
@  5 0 6 2
@  6 0 20 2
@  7 0 16 2
@  8 0 19 2
@  9 0 24 2
@  10 1 23 2
@  11 1 10 2
@  12 1 5 2
@  13 1 14 2
@  14 1 2 2
@  15 1 3 2
@  16 1 15 2
@  17 1 9 2
@  18 2 3 2
@  19 2 5 2
@  20 2 24 2
@  21 2 22 2
@  22 2 13 2
@  23 3 7 2
@  24 3 4 2
@  25 3 5 2
@  26 4 6 2
@  27 4 16 2
@  28 4 20 2
@  29 5 7 2
@  30 5 21 2
@  31 5 5 2
@  32 5 20 2
@  33 6 7 2
@  34 6 9 2
@  35 6 10 2
@  36 6 17 2
@  37 7 8 2
@  38 7 9 2
@  39 7 21 2
@  40 7 22 2
@  41 7 18 2
@  42 7 15 2
@  43 8 19 2
@  44 8 9 2
@  45 8 23 2
@  46 8 15 2
@  47 8 13 2
@  48 9 11 2
@  49 9 13 2
@  50 9 21 2
@  51 9 23 2
@  52 9 14 2
@  53 9 17 2
@  54 10 11 2
@  55 10 13 2
@  56 10 23 2
@  57 11 12 2
@  58 11 13 2
@  59 11 14 2
@  60 11 18 2
@  61 11 17 2
@  62 12 13 2
@  63 12 24 2
@  64 12 14 2
@  65 12 21 2
@  66 12 23 2
@  67 13 15 2
@  68 13 18 2
@  69 14 18 2
@  70 14 19 2
@  71 14 20 2
@  72 15 17 2
@  73 15 20 2
@  74 15 21 2
@  75 16 17 2
@  76 16 18 2
@  77 16 19 2
@  78 17 18 2
@  79 17 19 2
@  80 19 21 2
@  81 19 22 2
@  82 19 24 2
@  83 20 21 2
@  84 20 22 2
@  85 20 23 2
@  86 20 24 2
@  87 21 24 2
@  88 21 21 2
@  89 21 23 2
@  90 22 23 2
#
@  0 0 1 2
@  1 0 2 2
@  2 0 23 2
@  3 0 22 2
@  4 0 14 2
@  5 0 6 2
@  6 0 20 2
@  7 0 8 2
@  8 1 23 2
@  9 1 10 2
@  10 1 5 2
@  11 1 14 2
@  12 1 2 2
@  13 1 3 2
@  14 1 15 2
@  15 1 17 2
@  16 1 16 2
@  17 2 3 2
@  18 2 5 2
@  19 2 24 2
@  20 2 22 2
@  21 2 13 2
@  22 2 6 2
@  23 3 7 2
@  24 3 4 2
@  25 3 14 2
@  26 4 6 2
@  27 4 16 2
@  28 4 20 2
@  29 4 19 2
@  30 5 7 2
@  31 5 21 2
@  32 5 19 2
@  33 6 7 2
@  34 6 9 2
@  35 6 10 2
@  36 6 18 2
@  37 7 8 2
@  38 7 9 2
@  39 7 21 2
@  40 7 22 2
@  41 7 18 2
@  42 7 15 2
@  43 8 19 2
@  44 8 9 2
@  45 8 23 2
@  46 8 15 2
@  47 8 20 2
@  48 9 11 2
@  49 9 13 2
@  50 9 21 2
@  51 9 23 2
@  52 10 11 2
@  53 10 13 2
@  54 10 23 2
@  55 11 12 2
@  56 11 13 2
@  57 11 14 2
@  58 11 18 2
@  59 11 17 2
@  60 11 15 2
@  61 12 13 2
@  62 12 24 2
@  63 12 14 2
@  64 12 21 2
@  65 13 15 2
@  66 13 18 2
@  67 14 18 2
@  68 14 19 2
@  69 14 20 2
@  70 14 21 2
@  71 15 17 2
@  72 15 20 2
@  73 15 16 2
@  74 16 17 2
@  75 16 18 2
@  76 16 19 2
@  77 16 21 2
@  78 17 18 2
@  79 17 19 2
@  80 19 21 2
@  81 19 22 2
@  82 19 24 2
@  83 20 21 2
@  84 20 22 2
@  85 20 23 2
@  86 20 24 2
@  87 21 24 2
@  88 22 23 2
#
