@  0 0 2 2
@  1 0 10 2
@  2 0 1 2
@  3 0 24 2
@  4 0 23 2
@  5 0 7 2
@  6 1 12 2
@  7 1 5 2
@  8 1 7 2
@  9 1 10 2
@  10 1 22 2
@  11 1 23 2
@  12 2 3 2
@  13 2 4 2
@  14 2 17 2
@  15 2 12 2
@  16 2 18 2
@  17 3 4 2
@  18 3 8 2
@  19 3 21 2
@  20 3 5 2
@  21 3 9 2
@  22 3 11 2
@  23 3 12 2
@  24 4 17 2
@  25 4 9 2
@  26 4 23 2
@  27 4 11 2
@  28 4 13 2
@  29 4 15 2
@  30 4 24 2
@  31 5 24 2
@  32 5 6 2
@  33 5 12 2
@  34 5 11 2
@  35 6 7 2
@  36 6 20 2
@  37 6 23 2
@  38 6 14 2
@  39 6 8 2
@  40 6 13 2
@  41 7 24 2
@  42 7 13 2
@  43 7 18 2
@  44 7 8 2
@  45 7 21 2
@  46 7 12 2
@  47 7 14 2
@  48 8 12 2
@  49 9 16 2
@  50 9 15 2
@  51 10 11 2
@  52 10 12 2
@  53 10 14 2
@  54 10 21 2
@  55 10 23 2
@  56 10 16 2
@  57 10 15 2
@  58 11 12 2
@  59 11 21 2
@  60 11 17 2
@  61 11 20 2
@  62 12 13 2
@  63 12 16 2
@  64 12 24 2
@  65 12 17 2
@  66 12 23 2
@  67 13 15 2
@  68 14 15 2
@  69 14 20 2
@  70 14 16 2
@  71 15 16 2
@  72 15 18 2
@  73 15 20 2
@  74 15 23 2
@  75 16 24 2
@  76 17 21 2
@  77 17 22 2
@  78 17 17 2
@  79 18 20 2
@  80 18 24 2
@  81 18 19 2
@  82 19 20 2
@  83 19 23 2
@  84 19 21 2
@  85 20 22 2
@  86 20 24 2
@  87 21 24 2
@  88 22 23 2
#
@  0 0 2 2
@  1 0 10 2
@  2 0 1 2
@  3 0 24 2
@  4 0 23 2
@  5 0 7 2
@  6 0 20 2
@  7 1 12 2
@  8 1 5 2
@  9 1 7 2
@  10 1 10 2
@  11 1 22 2
@  12 1 11 2
@  13 1 6 2
@  14 1 23 2
@  15 2 3 2
@  16 2 4 2
@  17 2 17 2
@  18 2 12 2
@  19 3 4 2
@  20 3 8 2
@  21 3 21 2
@  22 3 5 2
@  23 3 12 2
@  24 3 14 2
@  25 4 17 2
@  26 4 9 2
@  27 4 23 2
@  28 4 11 2
@  29 4 13 2
@  30 4 15 2
@  31 4 24 2
@  32 5 24 2
@  33 5 6 2
@  34 5 12 2
@  35 5 18 2
@  36 6 7 2
@  37 6 20 2
@  38 6 23 2
@  39 6 14 2
@  40 6 8 2
@  41 6 13 2
@  42 7 24 2
@  43 7 13 2
@  44 7 18 2
@  45 7 8 2
@  46 7 21 2
@  47 7 12 2
@  48 7 7 2
@  49 8 12 2
@  50 9 16 2
@  51 9 15 2
@  52 9 10 2
@  53 10 11 2
@  54 10 12 2
@  55 10 14 2
@  56 10 21 2
@  57 10 23 2
@  58 10 16 2
@  59 10 18 2
@  60 11 12 2
@  61 11 21 2
@  62 11 17 2
@  63 11 20 2
@  64 12 13 2
@  65 12 16 2
@  66 12 24 2
@  67 12 17 2
@  68 12 23 2
@  69 13 15 2
@  70 14 15 2
@  71 14 20 2
@  72 15 16 2
@  73 15 18 2
@  74 15 20 2
@  75 15 19 2
@  76 16 24 2
@  77 16 23 2
@  78 17 21 2
@  79 17 22 2
@  80 17 20 2
@  81 18 20 2
@  82 18 24 2
@  83 18 19 2
@  84 18 22 2
@  85 19 20 2
@  86 19 23 2
@  87 20 22 2
@  88 20 24 2
@  89 21 24 2
@  90 21 22 2
@  91 22 23 2
#
@  0 0 2 2
@  1 0 10 2
@  2 0 1 2
@  3 0 24 2
@  4 0 23 2
@  5 0 7 2
@  6 0 19 2
@  7 1 12 2
@  8 1 5 2
@  9 1 7 2
@  10 1 10 2
@  11 1 22 2
@  12 1 21 2
@  13 1 11 2
@  14 2 3 2
@  15 2 4 2
@  16 2 17 2
@  17 2 14 2
@  18 3 4 2
@  19 3 8 2
@  20 3 21 2
@  21 3 5 2
@  22 3 10 2
@  23 4 17 2
@  24 4 9 2
@  25 4 23 2
@  26 4 11 2
@  27 4 13 2
@  28 4 15 2
@  29 4 24 2
@  30 4 18 2
@  31 5 24 2
@  32 5 6 2
@  33 5 12 2
@  34 6 7 2
@  35 6 20 2
@  36 6 23 2
@  37 6 14 2
@  38 6 8 2
@  39 6 10 2
@  40 7 24 2
@  41 7 13 2
@  42 7 18 2
@  43 7 8 2
@  44 7 21 2
@  45 7 12 2
@  46 7 9 2
@  47 8 12 2
@  48 9 16 2
@  49 9 15 2
@  50 9 24 2
@  51 10 11 2
@  52 10 12 2
@  53 10 14 2
@  54 10 21 2
@  55 10 23 2
@  56 10 16 2
@  57 11 12 2
@  58 11 21 2
@  59 11 17 2
@  60 11 20 2
@  61 11 16 2
@  62 12 13 2
@  63 12 16 2
@  64 12 24 2
@  65 12 17 2
@  66 12 23 2
@  67 12 18 2
@  68 13 15 2
@  69 13 18 2
@  70 14 15 2
@  71 14 20 2
@  72 14 24 2
@  73 15 16 2
@  74 15 18 2
@  75 15 20 2
@  76 15 17 2
@  77 16 24 2
@  78 17 21 2
@  79 17 22 2
@  80 17 23 2
@  81 18 20 2
@  82 18 24 2
@  83 18 19 2
@  84 19 20 2
@  85 19 23 2
@  86 20 22 2
@  87 20 24 2
@  88 21 24 2
@  89 21 22 2
@  90 22 23 2
@  91 22 22 2
#
