@  0 0 29 2
@  1 0 2 2
@  2 0 28 2
@  3 0 27 2
@  4 0 13 2
@  5 0 9 2
@  6 0 23 2
@  7 1 2 2
@  8 1 3 2
@  9 1 4 2
@  10 1 28 2
@  11 2 5 2
@  12 2 29 2
@  13 2 25 2
@  14 2 13 2
@  15 2 3 2
@  16 3 4 2
@  17 3 28 2
@  18 3 25 2
@  19 4 5 2
@  20 4 14 2
@  21 4 15 2
@  22 4 12 2
@  23 5 6 2
@  24 5 22 2
@  25 5 26 2
@  26 5 9 2
@  27 5 12 2
@  28 6 7 2
@  29 6 8 2
@  30 6 9 2
@  31 7 8 2
@  32 7 9 2
@  33 7 10 2
@  34 8 9 2
@  35 8 10 2
@  36 8 11 2
@  37 8 28 2
@  38 9 10 2
@  39 9 12 2
@  40 9 15 2
@  41 9 18 2
@  42 10 11 2
@  43 10 12 2
@  44 10 13 2
@  45 11 12 2
@  46 11 13 2
@  47 11 14 2
@  48 12 13 2
@  49 12 14 2
@  50 13 14 2
@  51 13 15 2
@  52 13 22 2
@  53 13 23 2
@  54 14 15 2
@  55 14 17 2
@  56 14 24 2
@  57 14 16 2
@  58 14 29 2
@  59 15 16 2
@  60 15 17 2
@  61 15 18 2
@  62 16 17 2
@  63 16 18 2
@  64 16 28 2
@  65 17 18 2
@  66 17 19 2
@  67 17 20 2
@  68 17 26 2
@  69 18 19 2
@  70 18 20 2
@  71 18 21 2
@  72 19 20 2
@  73 19 21 2
@  74 19 22 2
@  75 20 21 2
@  76 20 22 2
@  77 20 23 2
@  78 21 22 2
@  79 21 23 2
@  80 21 24 2
@  81 22 24 2
@  82 22 25 2
@  83 23 24 2
@  84 23 25 2
@  85 23 29 2
@  86 24 25 2
@  87 24 26 2
@  88 24 27 2
@  89 25 26 2
@  90 25 27 2
@  91 25 28 2
@  92 26 29 2
@  93 27 28 2
@  94 27 29 2
#
@  0 0 29 2
@  1 0 2 2
@  2 0 28 2
@  3 0 27 2
@  4 0 13 2
@  5 0 9 2
@  6 0 23 2
@  7 1 2 2
@  8 1 3 2
@  9 1 4 2
@  10 1 28 2
@  11 1 21 2
@  12 2 5 2
@  13 2 29 2
@  14 2 25 2
@  15 2 13 2
@  16 2 3 2
@  17 2 20 2
@  18 3 4 2
@  19 3 28 2
@  20 3 5 2
@  21 4 5 2
@  22 4 14 2
@  23 4 15 2
@  24 5 6 2
@  25 5 22 2
@  26 5 26 2
@  27 5 9 2
@  28 5 12 2
@  29 5 5 2
@  30 5 8 2
@  31 6 7 2
@  32 6 8 2
@  33 6 9 2
@  34 7 8 2
@  35 7 9 2
@  36 7 10 2
@  37 7 11 2
@  38 8 9 2
@  39 8 10 2
@  40 8 11 2
@  41 8 28 2
@  42 9 10 2
@  43 9 12 2
@  44 9 15 2
@  45 10 11 2
@  46 10 12 2
@  47 10 13 2
@  48 11 12 2
@  49 11 13 2
@  50 11 14 2
@  51 11 28 2
@  52 12 13 2
@  53 12 14 2
@  54 13 14 2
@  55 13 15 2
@  56 13 22 2
@  57 13 23 2
@  58 14 15 2
@  59 14 17 2
@  60 14 24 2
@  61 15 16 2
@  62 15 17 2
@  63 15 18 2
@  64 15 19 2
@  65 16 17 2
@  66 16 18 2
@  67 16 28 2
@  68 16 20 2
@  69 17 18 2
@  70 17 19 2
@  71 17 20 2
@  72 17 26 2
@  73 18 19 2
@  74 18 20 2
@  75 18 21 2
@  76 19 20 2
@  77 19 21 2
@  78 19 22 2
@  79 20 21 2
@  80 20 22 2
@  81 20 23 2
@  82 21 22 2
@  83 21 23 2
@  84 21 24 2
@  85 22 24 2
@  86 22 25 2
@  87 23 24 2
@  88 23 25 2
@  89 23 29 2
@  90 24 25 2
@  91 24 26 2
@  92 24 27 2
@  93 25 26 2
@  94 25 27 2
@  95 25 28 2
@  96 26 29 2
@  97 27 28 2
@  98 27 29 2
#
@  0 0 29 2
@  1 0 2 2
@  2 0 28 2
@  3 0 27 2
@  4 0 13 2
@  5 0 9 2
@  6 0 23 2
@  7 1 2 2
@  8 1 3 2
@  9 1 4 2
@  10 1 28 2
@  11 2 5 2
@  12 2 29 2
@  13 2 25 2
@  14 2 13 2
@  15 2 3 2
@  16 2 6 2
@  17 3 4 2
@  18 3 28 2
@  19 4 5 2
@  20 4 14 2
@  21 4 15 2
@  22 5 6 2
@  23 5 22 2
@  24 5 26 2
@  25 5 9 2
@  26 5 12 2
@  27 6 7 2
@  28 6 8 2
@  29 6 9 2
@  30 6 19 2
@  31 7 8 2
@  32 7 9 2
@  33 7 10 2
@  34 8 9 2
@  35 8 10 2
@  36 8 11 2
@  37 8 28 2
@  38 9 10 2
@  39 9 12 2
@  40 9 15 2
@  41 10 11 2
@  42 10 12 2
@  43 10 13 2
@  44 11 12 2
@  45 11 13 2
@  46 11 14 2
@  47 12 13 2
@  48 12 14 2
@  49 13 14 2
@  50 13 15 2
@  51 13 22 2
@  52 13 23 2
@  53 14 15 2
@  54 14 17 2
@  55 14 24 2
@  56 15 16 2
@  57 15 17 2
@  58 15 18 2
@  59 16 17 2
@  60 16 18 2
@  61 16 28 2
@  62 17 18 2
@  63 17 19 2
@  64 17 20 2
@  65 17 26 2
@  66 18 19 2
@  67 18 20 2
@  68 18 21 2
@  69 19 20 2
@  70 19 21 2
@  71 19 22 2
@  72 20 21 2
@  73 20 22 2
@  74 20 23 2
@  75 21 22 2
@  76 21 23 2
@  77 21 24 2
@  78 22 24 2
@  79 22 25 2
@  80 22 27 2
@  81 23 24 2
@  82 23 25 2
@  83 23 29 2
@  84 24 25 2
@  85 24 26 2
@  86 24 27 2
@  87 25 26 2
@  88 25 27 2
@  89 25 28 2
@  90 26 29 2
@  91 27 28 2
@  92 27 29 2
#
