@  0 0 1 2
@  1 0 34 2
@  2 0 2 2
@  3 0 33 2
@  4 0 32 2
@  5 0 30 2
@  6 1 2 2
@  7 1 4 2
@  8 1 33 2
@  9 1 18 2
@  10 2 3 2
@  11 2 4 2
@  12 2 5 2
@  13 2 34 2
@  14 2 16 2
@  15 2 26 2
@  16 3 4 2
@  17 3 5 2
@  18 3 6 2
@  19 4 5 2
@  20 4 6 2
@  21 4 7 2
@  22 4 9 2
@  23 5 6 2
@  24 5 7 2
@  25 5 8 2
@  26 5 10 2
@  27 6 7 2
@  28 6 8 2
@  29 6 9 2
@  30 6 18 2
@  31 6 12 2
@  32 6 16 2
@  33 7 8 2
@  34 7 10 2
@  35 7 24 2
@  36 8 9 2
@  37 8 10 2
@  38 8 11 2
@  39 8 23 2
@  40 9 10 2
@  41 9 11 2
@  42 9 12 2
@  43 9 17 2
@  44 10 13 2
@  45 10 16 2
@  46 11 12 2
@  47 11 13 2
@  48 11 14 2
@  49 12 13 2
@  50 12 14 2
@  51 12 20 2
@  52 13 14 2
@  53 13 15 2
@  54 13 16 2
@  55 13 34 2
@  56 13 32 2
@  57 14 17 2
@  58 14 28 2
@  59 14 30 2
@  60 14 27 2
@  61 15 16 2
@  62 15 17 2
@  63 15 18 2
@  64 16 18 2
@  65 17 18 2
@  66 17 19 2
@  67 18 19 2
@  68 18 21 2
@  69 19 20 2
@  70 19 21 2
@  71 19 22 2
@  72 19 27 2
@  73 20 22 2
@  74 20 23 2
@  75 20 29 2
@  76 21 22 2
@  77 21 23 2
@  78 21 24 2
@  79 22 23 2
@  80 22 24 2
@  81 22 25 2
@  82 23 25 2
@  83 23 33 2
@  84 23 27 2
@  85 24 25 2
@  86 24 26 2
@  87 24 27 2
@  88 25 26 2
@  89 25 27 2
@  90 25 28 2
@  91 26 27 2
@  92 26 28 2
@  93 26 29 2
@  94 27 28 2
@  95 28 29 2
@  96 28 30 2
@  97 28 31 2
@  98 29 30 2
@  99 29 31 2
@  100 29 32 2
@  101 29 33 2
@  102 30 31 2
@  103 30 32 2
@  104 30 33 2
@  105 31 32 2
@  106 31 33 2
@  107 31 34 2
@  108 32 33 2
@  109 32 34 2
#
@  0 0 1 2
@  1 0 34 2
@  2 0 2 2
@  3 0 33 2
@  4 0 32 2
@  5 0 30 2
@  6 1 2 2
@  7 1 4 2
@  8 1 33 2
@  9 1 18 2
@  10 2 3 2
@  11 2 4 2
@  12 2 5 2
@  13 2 34 2
@  14 2 16 2
@  15 3 4 2
@  16 3 5 2
@  17 3 6 2
@  18 4 5 2
@  19 4 6 2
@  20 4 7 2
@  21 5 6 2
@  22 5 7 2
@  23 5 8 2
@  24 5 10 2
@  25 6 7 2
@  26 6 8 2
@  27 6 9 2
@  28 6 18 2
@  29 6 12 2
@  30 6 16 2
@  31 7 8 2
@  32 7 10 2
@  33 7 24 2
@  34 8 9 2
@  35 8 10 2
@  36 8 11 2
@  37 8 23 2
@  38 8 26 2
@  39 9 10 2
@  40 9 11 2
@  41 9 12 2
@  42 9 17 2
@  43 10 13 2
@  44 10 16 2
@  45 11 12 2
@  46 11 13 2
@  47 11 14 2
@  48 12 13 2
@  49 12 14 2
@  50 13 14 2
@  51 13 15 2
@  52 13 16 2
@  53 13 34 2
@  54 14 17 2
@  55 14 28 2
@  56 14 30 2
@  57 14 27 2
@  58 15 16 2
@  59 15 17 2
@  60 15 18 2
@  61 16 18 2
@  62 17 18 2
@  63 17 19 2
@  64 17 30 2
@  65 18 19 2
@  66 18 21 2
@  67 19 20 2
@  68 19 21 2
@  69 19 22 2
@  70 20 22 2
@  71 20 23 2
@  72 20 29 2
@  73 20 33 2
@  74 21 22 2
@  75 21 23 2
@  76 21 24 2
@  77 22 23 2
@  78 22 24 2
@  79 22 25 2
@  80 23 25 2
@  81 23 33 2
@  82 23 27 2
@  83 24 25 2
@  84 24 26 2
@  85 24 27 2
@  86 25 26 2
@  87 25 27 2
@  88 25 28 2
@  89 26 27 2
@  90 26 28 2
@  91 26 29 2
@  92 27 28 2
@  93 28 29 2
@  94 28 30 2
@  95 28 31 2
@  96 29 30 2
@  97 29 31 2
@  98 29 32 2
@  99 29 33 2
@  100 30 31 2
@  101 30 32 2
@  102 30 33 2
@  103 31 32 2
@  104 31 33 2
@  105 31 34 2
@  106 32 33 2
@  107 32 34 2
#
@  0 0 1 2
@  1 0 34 2
@  2 0 2 2
@  3 0 33 2
@  4 0 32 2
@  5 0 30 2
@  6 0 20 2
@  7 1 2 2
@  8 1 4 2
@  9 1 33 2
@  10 1 18 2
@  11 2 3 2
@  12 2 4 2
@  13 2 5 2
@  14 2 34 2
@  15 2 16 2
@  16 2 32 2
@  17 3 4 2
@  18 3 5 2
@  19 3 6 2
@  20 4 5 2
@  21 4 6 2
@  22 4 7 2
@  23 5 6 2
@  24 5 7 2
@  25 5 8 2
@  26 5 10 2
@  27 6 7 2
@  28 6 8 2
@  29 6 9 2
@  30 6 18 2
@  31 6 12 2
@  32 6 16 2
@  33 7 8 2
@  34 7 10 2
@  35 7 24 2
@  36 7 16 2
@  37 8 9 2
@  38 8 10 2
@  39 8 11 2
@  40 8 23 2
@  41 9 10 2
@  42 9 11 2
@  43 9 12 2
@  44 9 17 2
@  45 10 13 2
@  46 10 16 2
@  47 11 12 2
@  48 11 13 2
@  49 11 14 2
@  50 12 13 2
@  51 12 14 2
@  52 13 14 2
@  53 13 15 2
@  54 13 16 2
@  55 13 34 2
@  56 13 33 2
@  57 14 17 2
@  58 14 28 2
@  59 14 30 2
@  60 14 27 2
@  61 15 16 2
@  62 15 17 2
@  63 15 18 2
@  64 16 18 2
@  65 16 32 2
@  66 17 18 2
@  67 17 19 2
@  68 18 19 2
@  69 18 21 2
@  70 19 20 2
@  71 19 21 2
@  72 19 22 2
@  73 19 29 2
@  74 20 22 2
@  75 20 23 2
@  76 20 29 2
@  77 20 26 2
@  78 21 22 2
@  79 21 23 2
@  80 21 24 2
@  81 22 23 2
@  82 22 24 2
@  83 22 25 2
@  84 23 25 2
@  85 23 33 2
@  86 23 27 2
@  87 23 29 2
@  88 24 25 2
@  89 24 26 2
@  90 24 27 2
@  91 25 26 2
@  92 25 27 2
@  93 25 28 2
@  94 26 27 2
@  95 26 28 2
@  96 26 29 2
@  97 27 28 2
@  98 28 29 2
@  99 28 30 2
@  100 28 31 2
@  101 29 30 2
@  102 29 31 2
@  103 29 32 2
@  104 29 33 2
@  105 30 31 2
@  106 30 32 2
@  107 30 33 2
@  108 31 32 2
@  109 31 33 2
@  110 31 34 2
@  111 32 33 2
@  112 32 34 2
#
