@  0 0 1 2
@  1 0 39 2
@  2 0 2 2
@  3 0 38 2
@  4 0 3 2
@  5 0 37 2
@  6 1 2 2
@  7 1 3 2
@  8 1 4 2
@  9 1 15 2
@  10 2 3 2
@  11 2 5 2
@  12 2 39 2
@  13 2 10 2
@  14 3 4 2
@  15 3 5 2
@  16 3 6 2
@  17 3 17 2
@  18 4 5 2
@  19 4 6 2
@  20 4 7 2
@  21 4 26 2
@  22 4 29 2
@  23 5 6 2
@  24 5 7 2
@  25 5 8 2
@  26 6 7 2
@  27 6 8 2
@  28 6 9 2
@  29 6 11 2
@  30 7 8 2
@  31 7 9 2
@  32 7 10 2
@  33 7 33 2
@  34 7 21 2
@  35 8 9 2
@  36 8 10 2
@  37 8 37 2
@  38 9 10 2
@  39 9 11 2
@  40 9 12 2
@  41 10 11 2
@  42 10 12 2
@  43 10 13 2
@  44 11 14 2
@  45 11 37 2
@  46 12 13 2
@  47 12 14 2
@  48 12 15 2
@  49 13 14 2
@  50 13 15 2
@  51 13 16 2
@  52 14 15 2
@  53 14 16 2
@  54 14 17 2
@  55 15 17 2
@  56 15 18 2
@  57 15 29 2
@  58 16 17 2
@  59 16 18 2
@  60 16 19 2
@  61 17 19 2
@  62 17 36 2
@  63 18 19 2
@  64 18 20 2
@  65 18 21 2
@  66 19 20 2
@  67 19 21 2
@  68 19 22 2
@  69 19 24 2
@  70 20 21 2
@  71 20 22 2
@  72 20 23 2
@  73 20 35 2
@  74 21 22 2
@  75 21 23 2
@  76 21 24 2
@  77 21 31 2
@  78 22 23 2
@  79 22 24 2
@  80 22 25 2
@  81 22 36 2
@  82 23 24 2
@  83 23 25 2
@  84 23 26 2
@  85 24 25 2
@  86 24 26 2
@  87 24 27 2
@  88 24 37 2
@  89 25 26 2
@  90 25 27 2
@  91 25 28 2
@  92 26 27 2
@  93 26 29 2
@  94 27 28 2
@  95 27 29 2
@  96 27 30 2
@  97 27 39 2
@  98 28 29 2
@  99 28 30 2
@  100 28 31 2
@  101 29 30 2
@  102 29 31 2
@  103 29 32 2
@  104 30 31 2
@  105 30 32 2
@  106 30 33 2
@  107 31 33 2
@  108 31 34 2
@  109 32 33 2
@  110 32 34 2
@  111 32 35 2
@  112 33 34 2
@  113 33 36 2
@  114 34 35 2
@  115 34 36 2
@  116 34 37 2
@  117 34 38 2
@  118 35 36 2
@  119 35 38 2
@  120 36 37 2
@  121 36 39 2
@  122 37 38 2
@  123 37 39 2
@  124 38 39 2
#
@  0 0 1 2
@  1 0 39 2
@  2 0 2 2
@  3 0 38 2
@  4 0 3 2
@  5 0 37 2
@  6 1 2 2
@  7 1 3 2
@  8 1 4 2
@  9 2 3 2
@  10 2 5 2
@  11 2 39 2
@  12 2 10 2
@  13 3 4 2
@  14 3 5 2
@  15 3 6 2
@  16 3 17 2
@  17 4 5 2
@  18 4 6 2
@  19 4 7 2
@  20 4 26 2
@  21 5 6 2
@  22 5 7 2
@  23 5 8 2
@  24 5 35 2
@  25 6 7 2
@  26 6 8 2
@  27 6 9 2
@  28 6 11 2
@  29 6 26 2
@  30 7 8 2
@  31 7 9 2
@  32 7 10 2
@  33 7 33 2
@  34 8 9 2
@  35 8 10 2
@  36 8 37 2
@  37 9 10 2
@  38 9 11 2
@  39 9 12 2
@  40 10 11 2
@  41 10 12 2
@  42 10 13 2
@  43 11 14 2
@  44 11 37 2
@  45 12 13 2
@  46 12 14 2
@  47 12 15 2
@  48 12 31 2
@  49 13 14 2
@  50 13 15 2
@  51 13 16 2
@  52 14 15 2
@  53 14 16 2
@  54 14 17 2
@  55 14 30 2
@  56 15 17 2
@  57 15 18 2
@  58 15 29 2
@  59 16 17 2
@  60 16 18 2
@  61 16 19 2
@  62 17 19 2
@  63 17 36 2
@  64 18 19 2
@  65 18 20 2
@  66 18 21 2
@  67 19 20 2
@  68 19 21 2
@  69 19 22 2
@  70 20 21 2
@  71 20 22 2
@  72 20 23 2
@  73 20 35 2
@  74 20 30 2
@  75 21 22 2
@  76 21 23 2
@  77 21 24 2
@  78 21 31 2
@  79 22 23 2
@  80 22 24 2
@  81 22 25 2
@  82 22 36 2
@  83 23 24 2
@  84 23 25 2
@  85 23 26 2
@  86 24 25 2
@  87 24 26 2
@  88 24 27 2
@  89 25 26 2
@  90 25 27 2
@  91 25 28 2
@  92 26 27 2
@  93 26 29 2
@  94 26 28 2
@  95 27 28 2
@  96 27 29 2
@  97 27 30 2
@  98 27 39 2
@  99 27 32 2
@  100 28 29 2
@  101 28 30 2
@  102 28 31 2
@  103 29 30 2
@  104 29 31 2
@  105 29 32 2
@  106 29 37 2
@  107 30 31 2
@  108 30 32 2
@  109 30 33 2
@  110 31 33 2
@  111 31 34 2
@  112 32 33 2
@  113 32 34 2
@  114 32 35 2
@  115 33 34 2
@  116 33 36 2
@  117 34 35 2
@  118 34 36 2
@  119 34 37 2
@  120 34 38 2
@  121 35 36 2
@  122 35 38 2
@  123 36 37 2
@  124 36 39 2
@  125 37 38 2
@  126 37 39 2
@  127 38 39 2
#
@  0 0 1 2
@  1 0 39 2
@  2 0 2 2
@  3 0 38 2
@  4 0 3 2
@  5 0 37 2
@  6 1 2 2
@  7 1 3 2
@  8 1 4 2
@  9 1 18 2
@  10 1 30 2
@  11 2 3 2
@  12 2 5 2
@  13 2 39 2
@  14 2 10 2
@  15 2 8 2
@  16 3 4 2
@  17 3 5 2
@  18 3 6 2
@  19 3 17 2
@  20 3 13 2
@  21 4 5 2
@  22 4 6 2
@  23 4 7 2
@  24 4 26 2
@  25 4 12 2
@  26 4 8 2
@  27 5 6 2
@  28 5 7 2
@  29 5 8 2
@  30 6 7 2
@  31 6 8 2
@  32 6 9 2
@  33 6 11 2
@  34 6 39 2
@  35 7 8 2
@  36 7 9 2
@  37 7 10 2
@  38 7 33 2
@  39 8 9 2
@  40 8 10 2
@  41 8 37 2
@  42 9 10 2
@  43 9 11 2
@  44 9 12 2
@  45 9 17 2
@  46 10 11 2
@  47 10 12 2
@  48 10 13 2
@  49 11 14 2
@  50 11 37 2
@  51 12 13 2
@  52 12 14 2
@  53 12 15 2
@  54 13 14 2
@  55 13 15 2
@  56 13 16 2
@  57 14 15 2
@  58 14 16 2
@  59 14 17 2
@  60 14 38 2
@  61 15 17 2
@  62 15 18 2
@  63 15 29 2
@  64 16 17 2
@  65 16 18 2
@  66 16 19 2
@  67 17 19 2
@  68 17 36 2
@  69 17 25 2
@  70 18 19 2
@  71 18 20 2
@  72 18 21 2
@  73 19 20 2
@  74 19 21 2
@  75 19 22 2
@  76 20 21 2
@  77 20 22 2
@  78 20 23 2
@  79 20 35 2
@  80 21 22 2
@  81 21 23 2
@  82 21 24 2
@  83 21 31 2
@  84 22 23 2
@  85 22 24 2
@  86 22 25 2
@  87 22 36 2
@  88 23 24 2
@  89 23 25 2
@  90 23 26 2
@  91 24 25 2
@  92 24 26 2
@  93 24 27 2
@  94 25 26 2
@  95 25 27 2
@  96 25 28 2
@  97 26 27 2
@  98 26 29 2
@  99 27 28 2
@  100 27 29 2
@  101 27 30 2
@  102 27 39 2
@  103 28 29 2
@  104 28 30 2
@  105 28 31 2
@  106 29 30 2
@  107 29 31 2
@  108 29 32 2
@  109 30 31 2
@  110 30 32 2
@  111 30 33 2
@  112 31 33 2
@  113 31 34 2
@  114 32 33 2
@  115 32 34 2
@  116 32 35 2
@  117 32 36 2
@  118 33 34 2
@  119 33 36 2
@  120 34 35 2
@  121 34 36 2
@  122 34 37 2
@  123 34 38 2
@  124 35 36 2
@  125 35 38 2
@  126 36 37 2
@  127 36 39 2
@  128 37 38 2
@  129 37 39 2
@  130 38 39 2
#
