@  0 0 1 2
@  1 0 44 2
@  2 0 2 2
@  3 0 43 2
@  4 0 42 2
@  5 0 37 2
@  6 1 2 2
@  7 1 3 2
@  8 1 44 2
@  9 1 4 2
@  10 2 4 2
@  11 2 5 2
@  12 2 44 2
@  13 2 40 2
@  14 3 4 2
@  15 3 5 2
@  16 3 6 2
@  17 4 6 2
@  18 4 7 2
@  19 4 26 2
@  20 5 6 2
@  21 5 7 2
@  22 5 8 2
@  23 5 15 2
@  24 6 7 2
@  25 6 8 2
@  26 6 32 2
@  27 6 17 2
@  28 7 8 2
@  29 7 9 2
@  30 7 10 2
@  31 7 43 2
@  32 8 9 2
@  33 8 10 2
@  34 8 11 2
@  35 8 38 2
@  36 9 10 2
@  37 9 11 2
@  38 9 12 2
@  39 9 42 2
@  40 10 11 2
@  41 10 12 2
@  42 10 13 2
@  43 10 15 2
@  44 11 12 2
@  45 11 13 2
@  46 11 14 2
@  47 12 13 2
@  48 12 14 2
@  49 12 15 2
@  50 13 14 2
@  51 13 15 2
@  52 13 16 2
@  53 13 37 2
@  54 14 15 2
@  55 14 16 2
@  56 14 17 2
@  57 15 18 2
@  58 15 24 2
@  59 16 17 2
@  60 16 19 2
@  61 16 23 2
@  62 16 37 2
@  63 16 35 2
@  64 17 18 2
@  65 17 19 2
@  66 17 20 2
@  67 17 25 2
@  68 18 19 2
@  69 18 20 2
@  70 18 21 2
@  71 18 30 2
@  72 19 20 2
@  73 19 21 2
@  74 19 22 2
@  75 20 21 2
@  76 20 22 2
@  77 20 23 2
@  78 21 22 2
@  79 21 23 2
@  80 21 24 2
@  81 22 23 2
@  82 22 24 2
@  83 22 25 2
@  84 23 25 2
@  85 23 26 2
@  86 23 38 2
@  87 23 32 2
@  88 24 25 2
@  89 24 27 2
@  90 24 33 2
@  91 25 26 2
@  92 25 27 2
@  93 25 30 2
@  94 26 27 2
@  95 26 28 2
@  96 26 29 2
@  97 27 28 2
@  98 27 29 2
@  99 27 30 2
@  100 27 37 2
@  101 28 29 2
@  102 28 30 2
@  103 28 31 2
@  104 29 30 2
@  105 29 31 2
@  106 29 32 2
@  107 29 38 2
@  108 30 31 2
@  109 30 33 2
@  110 31 32 2
@  111 31 33 2
@  112 31 38 2
@  113 32 33 2
@  114 32 34 2
@  115 32 35 2
@  116 32 39 2
@  117 33 34 2
@  118 33 35 2
@  119 33 36 2
@  120 34 35 2
@  121 34 36 2
@  122 34 37 2
@  123 35 36 2
@  124 35 37 2
@  125 35 38 2
@  126 36 37 2
@  127 36 38 2
@  128 36 39 2
@  129 37 38 2
@  130 37 39 2
@  131 38 40 2
@  132 38 41 2
@  133 38 43 2
@  134 39 40 2
@  135 39 41 2
@  136 39 42 2
@  137 40 41 2
@  138 40 42 2
@  139 40 43 2
@  140 41 42 2
@  141 41 43 2
@  142 41 44 2
@  143 42 43 2
@  144 42 44 2
@  145 43 44 2
#
@  0 0 1 2
@  1 0 44 2
@  2 0 2 2
@  3 0 43 2
@  4 0 42 2
@  5 0 37 2
@  6 1 2 2
@  7 1 3 2
@  8 1 44 2
@  9 1 4 2
@  10 1 10 2
@  11 2 4 2
@  12 2 5 2
@  13 2 44 2
@  14 2 40 2
@  15 2 7 2
@  16 3 4 2
@  17 3 5 2
@  18 3 6 2
@  19 4 6 2
@  20 4 7 2
@  21 4 26 2
@  22 5 6 2
@  23 5 7 2
@  24 5 8 2
@  25 5 15 2
@  26 6 7 2
@  27 6 8 2
@  28 6 32 2
@  29 7 8 2
@  30 7 9 2
@  31 7 10 2
@  32 7 43 2
@  33 7 17 2
@  34 8 9 2
@  35 8 10 2
@  36 8 11 2
@  37 9 10 2
@  38 9 11 2
@  39 9 12 2
@  40 10 11 2
@  41 10 12 2
@  42 10 13 2
@  43 10 15 2
@  44 11 12 2
@  45 11 13 2
@  46 11 14 2
@  47 12 13 2
@  48 12 14 2
@  49 12 15 2
@  50 13 14 2
@  51 13 15 2
@  52 13 16 2
@  53 13 37 2
@  54 13 44 2
@  55 14 15 2
@  56 14 16 2
@  57 14 17 2
@  58 15 18 2
@  59 15 24 2
@  60 16 17 2
@  61 16 19 2
@  62 16 23 2
@  63 16 37 2
@  64 17 18 2
@  65 17 19 2
@  66 17 20 2
@  67 17 38 2
@  68 18 19 2
@  69 18 20 2
@  70 18 21 2
@  71 18 30 2
@  72 19 20 2
@  73 19 21 2
@  74 19 22 2
@  75 19 29 2
@  76 20 21 2
@  77 20 22 2
@  78 20 23 2
@  79 20 33 2
@  80 21 22 2
@  81 21 23 2
@  82 21 24 2
@  83 22 23 2
@  84 22 24 2
@  85 22 25 2
@  86 23 25 2
@  87 23 26 2
@  88 23 38 2
@  89 24 25 2
@  90 24 27 2
@  91 25 26 2
@  92 25 27 2
@  93 25 30 2
@  94 26 27 2
@  95 26 28 2
@  96 26 29 2
@  97 27 28 2
@  98 27 29 2
@  99 27 30 2
@  100 28 29 2
@  101 28 30 2
@  102 28 31 2
@  103 28 42 2
@  104 29 30 2
@  105 29 31 2
@  106 29 32 2
@  107 30 31 2
@  108 30 33 2
@  109 31 32 2
@  110 31 33 2
@  111 31 38 2
@  112 32 33 2
@  113 32 34 2
@  114 32 35 2
@  115 33 34 2
@  116 33 35 2
@  117 33 36 2
@  118 34 35 2
@  119 34 36 2
@  120 34 37 2
@  121 35 36 2
@  122 35 37 2
@  123 35 38 2
@  124 36 37 2
@  125 36 38 2
@  126 36 39 2
@  127 37 38 2
@  128 37 39 2
@  129 38 40 2
@  130 38 41 2
@  131 39 40 2
@  132 39 41 2
@  133 39 42 2
@  134 40 41 2
@  135 40 42 2
@  136 40 43 2
@  137 41 42 2
@  138 41 43 2
@  139 41 44 2
@  140 42 43 2
@  141 42 44 2
@  142 43 44 2
#
@  0 0 1 2
@  1 0 44 2
@  2 0 2 2
@  3 0 43 2
@  4 0 42 2
@  5 0 37 2
@  6 0 38 2
@  7 1 2 2
@  8 1 3 2
@  9 1 44 2
@  10 1 4 2
@  11 2 4 2
@  12 2 5 2
@  13 2 44 2
@  14 2 40 2
@  15 3 4 2
@  16 3 5 2
@  17 3 6 2
@  18 3 8 2
@  19 3 20 2
@  20 4 6 2
@  21 4 7 2
@  22 4 26 2
@  23 4 4 2
@  24 5 6 2
@  25 5 7 2
@  26 5 8 2
@  27 5 15 2
@  28 5 39 2
@  29 6 7 2
@  30 6 8 2
@  31 6 32 2
@  32 7 8 2
@  33 7 9 2
@  34 7 10 2
@  35 7 43 2
@  36 7 15 2
@  37 8 9 2
@  38 8 10 2
@  39 8 11 2
@  40 9 10 2
@  41 9 11 2
@  42 9 12 2
@  43 9 19 2
@  44 10 11 2
@  45 10 12 2
@  46 10 13 2
@  47 10 15 2
@  48 11 12 2
@  49 11 13 2
@  50 11 14 2
@  51 12 13 2
@  52 12 14 2
@  53 12 15 2
@  54 13 14 2
@  55 13 15 2
@  56 13 16 2
@  57 13 37 2
@  58 14 15 2
@  59 14 16 2
@  60 14 17 2
@  61 15 18 2
@  62 15 24 2
@  63 15 32 2
@  64 16 17 2
@  65 16 19 2
@  66 16 23 2
@  67 16 37 2
@  68 16 41 2
@  69 17 18 2
@  70 17 19 2
@  71 17 20 2
@  72 18 19 2
@  73 18 20 2
@  74 18 21 2
@  75 18 30 2
@  76 19 20 2
@  77 19 21 2
@  78 19 22 2
@  79 20 21 2
@  80 20 22 2
@  81 20 23 2
@  82 21 22 2
@  83 21 23 2
@  84 21 24 2
@  85 22 23 2
@  86 22 24 2
@  87 22 25 2
@  88 23 25 2
@  89 23 26 2
@  90 23 38 2
@  91 24 25 2
@  92 24 27 2
@  93 25 26 2
@  94 25 27 2
@  95 25 30 2
@  96 26 27 2
@  97 26 28 2
@  98 26 29 2
@  99 27 28 2
@  100 27 29 2
@  101 27 30 2
@  102 28 29 2
@  103 28 30 2
@  104 28 31 2
@  105 29 30 2
@  106 29 31 2
@  107 29 32 2
@  108 30 31 2
@  109 30 33 2
@  110 30 43 2
@  111 31 32 2
@  112 31 33 2
@  113 31 38 2
@  114 32 33 2
@  115 32 34 2
@  116 32 35 2
@  117 33 34 2
@  118 33 35 2
@  119 33 36 2
@  120 34 35 2
@  121 34 36 2
@  122 34 37 2
@  123 35 36 2
@  124 35 37 2
@  125 35 38 2
@  126 36 37 2
@  127 36 38 2
@  128 36 39 2
@  129 37 38 2
@  130 37 39 2
@  131 38 40 2
@  132 38 41 2
@  133 39 40 2
@  134 39 41 2
@  135 39 42 2
@  136 40 41 2
@  137 40 42 2
@  138 40 43 2
@  139 41 42 2
@  140 41 43 2
@  141 41 44 2
@  142 42 43 2
@  143 42 44 2
@  144 43 44 2
#
