@  0 0 49 2
@  1 0 2 2
@  2 0 48 2
@  3 0 3 2
@  4 0 47 2
@  5 0 18 2
@  6 0 41 2
@  7 1 2 2
@  8 1 3 2
@  9 1 49 2
@  10 1 4 2
@  11 1 48 2
@  12 1 13 2
@  13 2 3 2
@  14 2 4 2
@  15 2 5 2
@  16 2 34 2
@  17 3 4 2
@  18 3 12 2
@  19 3 33 2
@  20 3 35 2
@  21 4 5 2
@  22 4 6 2
@  23 4 47 2
@  24 4 15 2
@  25 5 8 2
@  26 5 29 2
@  27 5 15 2
@  28 6 7 2
@  29 6 9 2
@  30 6 38 2
@  31 7 8 2
@  32 7 9 2
@  33 7 10 2
@  34 7 22 2
@  35 8 9 2
@  36 8 10 2
@  37 8 11 2
@  38 9 10 2
@  39 9 11 2
@  40 9 48 2
@  41 10 11 2
@  42 10 12 2
@  43 10 13 2
@  44 10 28 2
@  45 11 12 2
@  46 11 13 2
@  47 11 14 2
@  48 12 13 2
@  49 12 14 2
@  50 12 15 2
@  51 12 41 2
@  52 13 14 2
@  53 13 15 2
@  54 13 16 2
@  55 13 27 2
@  56 13 24 2
@  57 13 31 2
@  58 14 15 2
@  59 14 16 2
@  60 14 17 2
@  61 15 18 2
@  62 15 19 2
@  63 15 30 2
@  64 16 17 2
@  65 16 18 2
@  66 16 19 2
@  67 16 46 2
@  68 17 18 2
@  69 17 19 2
@  70 17 20 2
@  71 17 25 2
@  72 17 36 2
@  73 17 47 2
@  74 17 49 2
@  75 17 35 2
@  76 18 19 2
@  77 18 20 2
@  78 18 37 2
@  79 18 47 2
@  80 19 20 2
@  81 19 22 2
@  82 19 48 2
@  83 19 33 2
@  84 20 21 2
@  85 20 22 2
@  86 20 49 2
@  87 20 42 2
@  88 20 38 2
@  89 21 23 2
@  90 21 24 2
@  91 21 44 2
@  92 21 30 2
@  93 22 23 2
@  94 22 25 2
@  95 22 34 2
@  96 23 24 2
@  97 23 25 2
@  98 23 26 2
@  99 24 25 2
@  100 24 26 2
@  101 24 27 2
@  102 25 27 2
@  103 25 28 2
@  104 25 35 2
@  105 26 27 2
@  106 26 28 2
@  107 26 29 2
@  108 27 28 2
@  109 27 30 2
@  110 28 29 2
@  111 28 30 2
@  112 28 36 2
@  113 29 31 2
@  114 29 32 2
@  115 29 49 2
@  116 29 41 2
@  117 30 31 2
@  118 30 49 2
@  119 30 42 2
@  120 31 32 2
@  121 31 33 2
@  122 31 34 2
@  123 32 33 2
@  124 32 34 2
@  125 32 35 2
@  126 32 44 2
@  127 33 36 2
@  128 33 45 2
@  129 34 35 2
@  130 34 36 2
@  131 34 37 2
@  132 35 36 2
@  133 35 37 2
@  134 35 38 2
@  135 36 39 2
@  136 36 44 2
@  137 37 38 2
@  138 37 39 2
@  139 37 40 2
@  140 37 45 2
@  141 38 39 2
@  142 38 40 2
@  143 38 41 2
@  144 39 40 2
@  145 39 41 2
@  146 39 42 2
@  147 39 48 2
@  148 40 41 2
@  149 40 42 2
@  150 40 43 2
@  151 41 43 2
@  152 42 43 2
@  153 43 44 2
@  154 43 45 2
@  155 43 46 2
@  156 44 45 2
@  157 44 46 2
@  158 45 47 2
@  159 45 49 2
@  160 46 47 2
@  161 46 49 2
@  162 47 48 2
@  163 48 49 2
#
@  0 0 49 2
@  1 0 2 2
@  2 0 48 2
@  3 0 3 2
@  4 0 47 2
@  5 0 18 2
@  6 1 2 2
@  7 1 3 2
@  8 1 49 2
@  9 1 4 2
@  10 1 48 2
@  11 1 32 2
@  12 2 3 2
@  13 2 4 2
@  14 2 5 2
@  15 3 4 2
@  16 3 12 2
@  17 3 33 2
@  18 4 5 2
@  19 4 6 2
@  20 4 47 2
@  21 5 8 2
@  22 5 29 2
@  23 5 15 2
@  24 6 7 2
@  25 6 9 2
@  26 6 38 2
@  27 7 8 2
@  28 7 9 2
@  29 7 10 2
@  30 8 9 2
@  31 8 10 2
@  32 8 11 2
@  33 8 47 2
@  34 9 10 2
@  35 9 11 2
@  36 9 48 2
@  37 10 11 2
@  38 10 12 2
@  39 10 13 2
@  40 10 28 2
@  41 11 12 2
@  42 11 13 2
@  43 11 14 2
@  44 12 13 2
@  45 12 14 2
@  46 12 15 2
@  47 12 41 2
@  48 13 14 2
@  49 13 15 2
@  50 13 16 2
@  51 13 27 2
@  52 14 15 2
@  53 14 16 2
@  54 14 17 2
@  55 15 18 2
@  56 15 19 2
@  57 15 30 2
@  58 15 15 2
@  59 16 17 2
@  60 16 18 2
@  61 16 19 2
@  62 16 46 2
@  63 17 18 2
@  64 17 19 2
@  65 17 20 2
@  66 17 25 2
@  67 17 36 2
@  68 17 47 2
@  69 17 49 2
@  70 18 19 2
@  71 18 20 2
@  72 18 37 2
@  73 19 20 2
@  74 19 22 2
@  75 19 48 2
@  76 19 33 2
@  77 19 35 2
@  78 20 21 2
@  79 20 22 2
@  80 20 49 2
@  81 20 42 2
@  82 21 23 2
@  83 21 24 2
@  84 21 44 2
@  85 21 30 2
@  86 21 43 2
@  87 22 23 2
@  88 22 25 2
@  89 22 34 2
@  90 22 49 2
@  91 23 24 2
@  92 23 25 2
@  93 23 26 2
@  94 24 25 2
@  95 24 26 2
@  96 24 27 2
@  97 25 27 2
@  98 25 28 2
@  99 26 27 2
@  100 26 28 2
@  101 26 29 2
@  102 27 28 2
@  103 27 30 2
@  104 28 29 2
@  105 28 30 2
@  106 29 31 2
@  107 29 32 2
@  108 29 49 2
@  109 29 41 2
@  110 30 31 2
@  111 30 49 2
@  112 30 42 2
@  113 31 32 2
@  114 31 33 2
@  115 31 34 2
@  116 32 33 2
@  117 32 34 2
@  118 32 35 2
@  119 32 44 2
@  120 33 36 2
@  121 33 45 2
@  122 33 35 2
@  123 34 35 2
@  124 34 36 2
@  125 34 37 2
@  126 35 36 2
@  127 35 37 2
@  128 35 38 2
@  129 36 39 2
@  130 36 44 2
@  131 37 38 2
@  132 37 39 2
@  133 37 40 2
@  134 37 45 2
@  135 38 39 2
@  136 38 40 2
@  137 38 41 2
@  138 39 40 2
@  139 39 41 2
@  140 39 42 2
@  141 40 41 2
@  142 40 42 2
@  143 40 43 2
@  144 41 43 2
@  145 42 43 2
@  146 43 44 2
@  147 43 45 2
@  148 43 46 2
@  149 44 45 2
@  150 44 46 2
@  151 44 49 2
@  152 45 47 2
@  153 45 49 2
@  154 46 47 2
@  155 46 49 2
@  156 47 48 2
@  157 48 49 2
#
@  0 0 49 2
@  1 0 2 2
@  2 0 48 2
@  3 0 3 2
@  4 0 47 2
@  5 0 18 2
@  6 0 25 2
@  7 1 2 2
@  8 1 3 2
@  9 1 49 2
@  10 1 4 2
@  11 1 48 2
@  12 1 30 2
@  13 2 3 2
@  14 2 4 2
@  15 2 5 2
@  16 2 36 2
@  17 3 4 2
@  18 3 12 2
@  19 3 33 2
@  20 4 5 2
@  21 4 6 2
@  22 4 47 2
@  23 5 8 2
@  24 5 29 2
@  25 5 15 2
@  26 6 7 2
@  27 6 9 2
@  28 6 38 2
@  29 7 8 2
@  30 7 9 2
@  31 7 10 2
@  32 7 13 2
@  33 8 9 2
@  34 8 10 2
@  35 8 11 2
@  36 8 15 2
@  37 9 10 2
@  38 9 11 2
@  39 9 48 2
@  40 10 11 2
@  41 10 12 2
@  42 10 13 2
@  43 10 28 2
@  44 11 12 2
@  45 11 13 2
@  46 11 14 2
@  47 12 13 2
@  48 12 14 2
@  49 12 15 2
@  50 12 41 2
@  51 13 14 2
@  52 13 15 2
@  53 13 16 2
@  54 13 27 2
@  55 14 15 2
@  56 14 16 2
@  57 14 17 2
@  58 15 18 2
@  59 15 19 2
@  60 15 30 2
@  61 16 17 2
@  62 16 18 2
@  63 16 19 2
@  64 16 46 2
@  65 17 18 2
@  66 17 19 2
@  67 17 20 2
@  68 17 25 2
@  69 17 36 2
@  70 17 47 2
@  71 17 49 2
@  72 18 19 2
@  73 18 20 2
@  74 18 37 2
@  75 19 20 2
@  76 19 22 2
@  77 19 48 2
@  78 19 33 2
@  79 20 21 2
@  80 20 22 2
@  81 20 49 2
@  82 20 42 2
@  83 21 23 2
@  84 21 24 2
@  85 21 44 2
@  86 21 30 2
@  87 22 23 2
@  88 22 25 2
@  89 22 34 2
@  90 23 24 2
@  91 23 25 2
@  92 23 26 2
@  93 24 25 2
@  94 24 26 2
@  95 24 27 2
@  96 25 27 2
@  97 25 28 2
@  98 25 42 2
@  99 26 27 2
@  100 26 28 2
@  101 26 29 2
@  102 27 28 2
@  103 27 30 2
@  104 28 29 2
@  105 28 30 2
@  106 29 31 2
@  107 29 32 2
@  108 29 49 2
@  109 29 41 2
@  110 30 31 2
@  111 30 49 2
@  112 30 42 2
@  113 31 32 2
@  114 31 33 2
@  115 31 34 2
@  116 31 36 2
@  117 32 33 2
@  118 32 34 2
@  119 32 35 2
@  120 32 44 2
@  121 33 36 2
@  122 33 45 2
@  123 34 35 2
@  124 34 36 2
@  125 34 37 2
@  126 35 36 2
@  127 35 37 2
@  128 35 38 2
@  129 36 39 2
@  130 36 44 2
@  131 37 38 2
@  132 37 39 2
@  133 37 40 2
@  134 37 45 2
@  135 38 39 2
@  136 38 40 2
@  137 38 41 2
@  138 39 40 2
@  139 39 41 2
@  140 39 42 2
@  141 40 41 2
@  142 40 42 2
@  143 40 43 2
@  144 41 43 2
@  145 42 43 2
@  146 43 44 2
@  147 43 45 2
@  148 43 46 2
@  149 44 45 2
@  150 44 46 2
@  151 45 47 2
@  152 45 49 2
@  153 46 47 2
@  154 46 49 2
@  155 47 48 2
@  156 48 49 2
#
