@  0 0 1 2
@  1 0 54 2
@  2 0 2 2
@  3 0 52 2
@  4 0 40 2
@  5 1 2 2
@  6 1 54 2
@  7 1 53 2
@  8 1 6 2
@  9 1 37 2
@  10 1 19 2
@  11 2 3 2
@  12 2 4 2
@  13 2 54 2
@  14 2 8 2
@  15 2 43 2
@  16 3 4 2
@  17 3 5 2
@  18 3 6 2
@  19 3 53 2
@  20 4 5 2
@  21 4 6 2
@  22 4 46 2
@  23 4 8 2
@  24 5 6 2
@  25 5 8 2
@  26 5 15 2
@  27 6 7 2
@  28 6 8 2
@  29 6 9 2
@  30 7 9 2
@  31 7 10 2
@  32 7 23 2
@  33 7 29 2
@  34 8 10 2
@  35 8 11 2
@  36 8 28 2
@  37 9 10 2
@  38 9 12 2
@  39 9 17 2
@  40 9 9 2
@  41 10 12 2
@  42 10 13 2
@  43 10 40 2
@  44 11 13 2
@  45 11 14 2
@  46 11 19 2
@  47 11 53 2
@  48 11 36 2
@  49 12 13 2
@  50 12 14 2
@  51 12 15 2
@  52 12 17 2
@  53 13 14 2
@  54 13 15 2
@  55 13 16 2
@  56 13 21 2
@  57 14 17 2
@  58 14 24 2
@  59 14 52 2
@  60 15 16 2
@  61 15 18 2
@  62 15 31 2
@  63 15 23 2
@  64 16 17 2
@  65 16 18 2
@  66 16 19 2
@  67 16 35 2
@  68 17 18 2
@  69 17 27 2
@  70 18 19 2
@  71 18 47 2
@  72 18 43 2
@  73 18 31 2
@  74 18 39 2
@  75 18 40 2
@  76 18 42 2
@  77 19 20 2
@  78 19 21 2
@  79 19 22 2
@  80 20 21 2
@  81 20 23 2
@  82 20 31 2
@  83 20 28 2
@  84 20 46 2
@  85 20 43 2
@  86 21 22 2
@  87 21 23 2
@  88 22 23 2
@  89 22 25 2
@  90 22 35 2
@  91 23 24 2
@  92 23 25 2
@  93 23 26 2
@  94 23 33 2
@  95 24 25 2
@  96 24 26 2
@  97 24 27 2
@  98 24 35 2
@  99 25 26 2
@  100 25 27 2
@  101 25 28 2
@  102 26 27 2
@  103 26 28 2
@  104 26 29 2
@  105 27 28 2
@  106 27 29 2
@  107 27 30 2
@  108 28 29 2
@  109 28 31 2
@  110 29 30 2
@  111 29 31 2
@  112 29 32 2
@  113 30 31 2
@  114 30 32 2
@  115 30 38 2
@  116 31 33 2
@  117 31 34 2
@  118 32 33 2
@  119 32 34 2
@  120 32 35 2
@  121 33 34 2
@  122 33 35 2
@  123 34 35 2
@  124 34 37 2
@  125 34 47 2
@  126 35 36 2
@  127 35 37 2
@  128 36 37 2
@  129 36 38 2
@  130 37 38 2
@  131 37 40 2
@  132 38 39 2
@  133 38 40 2
@  134 38 41 2
@  135 39 40 2
@  136 39 41 2
@  137 39 52 2
@  138 40 41 2
@  139 40 42 2
@  140 40 43 2
@  141 41 42 2
@  142 41 43 2
@  143 41 44 2
@  144 42 43 2
@  145 42 44 2
@  146 42 45 2
@  147 43 44 2
@  148 44 45 2
@  149 44 46 2
@  150 44 47 2
@  151 45 46 2
@  152 45 47 2
@  153 45 48 2
@  154 46 47 2
@  155 46 49 2
@  156 47 48 2
@  157 47 49 2
@  158 47 50 2
@  159 48 49 2
@  160 48 50 2
@  161 48 51 2
@  162 49 50 2
@  163 49 51 2
@  164 49 52 2
@  165 50 51 2
@  166 50 52 2
@  167 50 53 2
@  168 51 52 2
@  169 51 53 2
@  170 51 54 2
@  171 52 53 2
@  172 52 54 2
#
@  0 0 1 2
@  1 0 54 2
@  2 0 2 2
@  3 0 52 2
@  4 0 40 2
@  5 1 2 2
@  6 1 54 2
@  7 1 53 2
@  8 1 6 2
@  9 1 37 2
@  10 1 19 2
@  11 2 3 2
@  12 2 4 2
@  13 2 54 2
@  14 2 8 2
@  15 2 43 2
@  16 2 31 2
@  17 3 4 2
@  18 3 5 2
@  19 3 6 2
@  20 3 53 2
@  21 4 5 2
@  22 4 6 2
@  23 4 46 2
@  24 4 48 2
@  25 5 6 2
@  26 5 8 2
@  27 5 15 2
@  28 5 24 2
@  29 6 7 2
@  30 6 8 2
@  31 6 9 2
@  32 6 22 2
@  33 6 17 2
@  34 7 9 2
@  35 7 10 2
@  36 7 23 2
@  37 7 52 2
@  38 7 30 2
@  39 8 10 2
@  40 8 11 2
@  41 8 28 2
@  42 9 10 2
@  43 9 12 2
@  44 9 17 2
@  45 10 12 2
@  46 10 13 2
@  47 10 40 2
@  48 11 13 2
@  49 11 14 2
@  50 11 19 2
@  51 11 53 2
@  52 11 36 2
@  53 12 13 2
@  54 12 14 2
@  55 12 15 2
@  56 12 17 2
@  57 13 14 2
@  58 13 15 2
@  59 13 16 2
@  60 13 21 2
@  61 13 53 2
@  62 14 17 2
@  63 14 24 2
@  64 14 52 2
@  65 15 16 2
@  66 15 18 2
@  67 15 31 2
@  68 15 23 2
@  69 16 17 2
@  70 16 18 2
@  71 16 19 2
@  72 16 34 2
@  73 17 18 2
@  74 17 27 2
@  75 17 40 2
@  76 18 19 2
@  77 18 47 2
@  78 18 43 2
@  79 18 31 2
@  80 18 39 2
@  81 18 32 2
@  82 19 20 2
@  83 19 21 2
@  84 19 22 2
@  85 19 24 2
@  86 20 21 2
@  87 20 23 2
@  88 20 31 2
@  89 20 28 2
@  90 20 46 2
@  91 21 22 2
@  92 21 23 2
@  93 21 51 2
@  94 22 23 2
@  95 22 25 2
@  96 22 35 2
@  97 23 24 2
@  98 23 25 2
@  99 23 26 2
@  100 23 33 2
@  101 23 41 2
@  102 24 25 2
@  103 24 26 2
@  104 24 27 2
@  105 24 35 2
@  106 24 32 2
@  107 25 26 2
@  108 25 27 2
@  109 25 28 2
@  110 26 27 2
@  111 26 28 2
@  112 26 29 2
@  113 27 28 2
@  114 27 29 2
@  115 27 30 2
@  116 28 29 2
@  117 28 31 2
@  118 29 30 2
@  119 29 31 2
@  120 29 32 2
@  121 30 31 2
@  122 30 32 2
@  123 30 38 2
@  124 31 33 2
@  125 31 34 2
@  126 32 33 2
@  127 32 34 2
@  128 32 35 2
@  129 32 43 2
@  130 33 34 2
@  131 33 35 2
@  132 34 35 2
@  133 34 37 2
@  134 34 47 2
@  135 35 36 2
@  136 35 37 2
@  137 36 37 2
@  138 36 38 2
@  139 37 38 2
@  140 37 40 2
@  141 38 39 2
@  142 38 40 2
@  143 38 41 2
@  144 39 40 2
@  145 39 41 2
@  146 40 41 2
@  147 40 42 2
@  148 40 43 2
@  149 41 42 2
@  150 41 43 2
@  151 41 44 2
@  152 42 43 2
@  153 42 44 2
@  154 42 45 2
@  155 42 52 2
@  156 43 44 2
@  157 44 45 2
@  158 44 46 2
@  159 44 47 2
@  160 45 46 2
@  161 45 47 2
@  162 45 48 2
@  163 46 47 2
@  164 46 49 2
@  165 47 48 2
@  166 47 49 2
@  167 47 50 2
@  168 48 49 2
@  169 48 50 2
@  170 48 51 2
@  171 49 50 2
@  172 49 51 2
@  173 49 52 2
@  174 50 51 2
@  175 50 52 2
@  176 50 53 2
@  177 51 52 2
@  178 51 53 2
@  179 51 54 2
@  180 52 53 2
@  181 52 54 2
#
@  0 0 1 2
@  1 0 54 2
@  2 0 2 2
@  3 0 52 2
@  4 0 40 2
@  5 0 17 2
@  6 1 2 2
@  7 1 54 2
@  8 1 53 2
@  9 1 6 2
@  10 1 37 2
@  11 1 19 2
@  12 2 3 2
@  13 2 4 2
@  14 2 54 2
@  15 2 8 2
@  16 2 43 2
@  17 3 4 2
@  18 3 5 2
@  19 3 6 2
@  20 3 53 2
@  21 4 5 2
@  22 4 6 2
@  23 4 46 2
@  24 4 47 2
@  25 5 6 2
@  26 5 8 2
@  27 5 15 2
@  28 6 7 2
@  29 6 8 2
@  30 6 9 2
@  31 7 9 2
@  32 7 10 2
@  33 7 23 2
@  34 7 52 2
@  35 8 10 2
@  36 8 11 2
@  37 8 28 2
@  38 9 10 2
@  39 9 12 2
@  40 9 17 2
@  41 10 12 2
@  42 10 13 2
@  43 10 40 2
@  44 10 31 2
@  45 10 38 2
@  46 11 13 2
@  47 11 14 2
@  48 11 19 2
@  49 11 53 2
@  50 11 36 2
@  51 12 13 2
@  52 12 14 2
@  53 12 15 2
@  54 12 17 2
@  55 13 14 2
@  56 13 15 2
@  57 13 16 2
@  58 13 21 2
@  59 14 17 2
@  60 14 24 2
@  61 14 52 2
@  62 15 16 2
@  63 15 18 2
@  64 15 31 2
@  65 15 23 2
@  66 15 52 2
@  67 16 17 2
@  68 16 18 2
@  69 16 19 2
@  70 17 18 2
@  71 17 27 2
@  72 18 19 2
@  73 18 47 2
@  74 18 43 2
@  75 18 31 2
@  76 18 39 2
@  77 19 20 2
@  78 19 21 2
@  79 19 22 2
@  80 20 21 2
@  81 20 23 2
@  82 20 31 2
@  83 20 28 2
@  84 20 46 2
@  85 21 22 2
@  86 21 23 2
@  87 21 49 2
@  88 21 53 2
@  89 22 23 2
@  90 22 25 2
@  91 22 35 2
@  92 22 22 2
@  93 23 24 2
@  94 23 25 2
@  95 23 26 2
@  96 23 33 2
@  97 24 25 2
@  98 24 26 2
@  99 24 27 2
@  100 24 35 2
@  101 25 26 2
@  102 25 27 2
@  103 25 28 2
@  104 25 39 2
@  105 26 27 2
@  106 26 28 2
@  107 26 29 2
@  108 26 45 2
@  109 27 28 2
@  110 27 29 2
@  111 27 30 2
@  112 27 36 2
@  113 28 29 2
@  114 28 31 2
@  115 29 30 2
@  116 29 31 2
@  117 29 32 2
@  118 30 31 2
@  119 30 32 2
@  120 30 38 2
@  121 31 33 2
@  122 31 34 2
@  123 32 33 2
@  124 32 34 2
@  125 32 35 2
@  126 32 40 2
@  127 33 34 2
@  128 33 35 2
@  129 34 35 2
@  130 34 37 2
@  131 34 47 2
@  132 35 36 2
@  133 35 37 2
@  134 36 37 2
@  135 36 38 2
@  136 37 38 2
@  137 37 40 2
@  138 38 39 2
@  139 38 40 2
@  140 38 41 2
@  141 39 40 2
@  142 39 41 2
@  143 40 41 2
@  144 40 42 2
@  145 40 43 2
@  146 41 42 2
@  147 41 43 2
@  148 41 44 2
@  149 42 43 2
@  150 42 44 2
@  151 42 45 2
@  152 43 44 2
@  153 44 45 2
@  154 44 46 2
@  155 44 47 2
@  156 45 46 2
@  157 45 47 2
@  158 45 48 2
@  159 46 47 2
@  160 46 49 2
@  161 47 48 2
@  162 47 49 2
@  163 47 50 2
@  164 48 49 2
@  165 48 50 2
@  166 48 51 2
@  167 49 50 2
@  168 49 51 2
@  169 49 52 2
@  170 50 51 2
@  171 50 52 2
@  172 50 53 2
@  173 51 52 2
@  174 51 53 2
@  175 51 54 2
@  176 52 53 2
@  177 52 54 2
#
